,Species,GeneID,TranscriptIDCluster,ExonIDCluster,SubexonIDCluster,S_exonID,Strand,TranscriptsInGene,ExonRank,Cluster,SubexonStartPhase,SubexonEndPhase,SubexonRank,SubexonSequence,SubexonProteinSequence,SubexonCodingStart,SubexonCodingEnd,TranscriptsWithSubexon,S_exon_Rank,S_exon_Sequence,S_exon_Start,S_exon_End,S_exon_CodingStart,S_exon_CodingEnd,S_exon_StartPhase,S_exon_EndPhase,S_exon_Genomic_Sequence
0,bos_taurus,ENSBTAG00000020087,ENSBTAT00000026762,ENSBTAE00000277201/ENSBTAE00000528278,ENSBTAE00000277201_SE_26/ENSBTAE00000490702_SE_26,20_0,-1,5,1,20,0,2,0,ATGGCCACCATCACCTGCACCCGCTTCACGGAAGAGTACCAGCTCTTCGAGGAACTAGGAAA,MATITCTRFTEEYQLFEELGK,61640007,61639946,3,1,MATITCTRFTEEYQLFEELGK,1,21,61640007,61639946,0,2,ATGGCCACCATCACCTGCACCCGCTTCACGGAAGAGTACCAGCTCTTCGAGGAACTAGGAAA
1,bos_taurus,ENSBTAG00000020087,ENSBTAT00000026762,ENSBTAE00000466282,ENSBTAE00000466282_SE_24,13_0,-1,5,2,13,2,1,1,GGGAG,GA,61624065,61624061,3,2,GA,1,2,61624065,61624061,2,1,GGGAG
2,bos_taurus,ENSBTAG00000020087,ENSBTAT00000026762,ENSBTAE00000466282,ENSBTAE00000466282_SE_23/ENSBTAE00000502818_SE_23,13_1,-1,5,2,13,1,1,2,CCTTCTCAGTGGTGCGCAGGTGTGTGAAGGTGCTGGCCGGCCAGGAATATGCTGCCAAGATTATCAACACAAAGAAGCTCTCGGCCAGAG,FSVVRRCVKVLAGQEYAAKIINTKKLSARD,61624060,61623971,5,3,FSVVRRCVKVLAGQEYAAKIINTKKLSARD,1,30,61624060,61623971,1,1,CCTTCTCAGTGGTGCGCAGGTGTGTGAAGGTGCTGGCCGGCCAGGAATATGCTGCCAAGATTATCAACACAAAGAAGCTCTCGGCCAGAG
3,bos_taurus,ENSBTAG00000020087,ENSBTAT00000026762,ENSBTAE00000477968,ENSBTAE00000477968_SE_22,21_0,-1,5,3,21,1,1,3,ACCACCAGAAGCTGGAGCGTGAAGCCCGCATCTGCCGCCTGCTGAAGCACCCCAACATCG,HQKLEREARICRLLKHPNIV,61616755,61616696,5,4,HQKLEREARICRLLKHPNIV,1,20,61616755,61616696,1,1,ACCACCAGAAGCTGGAGCGTGAAGCCCGCATCTGCCGCCTGCTGAAGCACCCCAACATCG
4,bos_taurus,ENSBTAG00000020087,ENSBTAT00000026762,ENSBTAE00000217841,ENSBTAE00000217841_SE_21,23_0,-1,5,4,23,1,2,4,TCCGGCTCCATGACAGCATCTCTGAGGAGGGACACCATTACCTGATCTTTGACCT,RLHDSISEEGHHYLIFDL,61609780,61609726,5,5,RLHDSISEEGHHYLIFDL,1,18,61609780,61609726,1,2,TCCGGCTCCATGACAGCATCTCTGAGGAGGGACACCATTACCTGATCTTTGACCT
5,bos_taurus,ENSBTAG00000020087,ENSBTAT00000026762,ENSBTAE00000277199,ENSBTAE00000277199_SE_20,19_0,-1,5,5,19,2,2,5,CGTCACCGGCGGGGAGCTGTTTGAAGACATCGTGGCCCGGGAGTATTACAGTGAGGCGGATGCCAG,VTGGELFEDIVAREYYSEADAS,61608877,61608812,5,6,VTGGELFEDIVAREYYSEADAS,1,22,61608877,61608812,2,2,CGTCACCGGCGGGGAGCTGTTTGAAGACATCGTGGCCCGGGAGTATTACAGTGAGGCGGATGCCAG
6,bos_taurus,ENSBTAG00000020087,ENSBTAT00000026762,ENSBTAE00000448286,ENSBTAE00000448286_SE_19,18_0,-1,5,6,18,2,0,6,TCACTGCATCCAGCAGATCCTGGAGGCCGTGCTGCACTGCCACCAGATGGGGGTGGTGCATCGGGACCTGAAG,HCIQQILEAVLHCHQMGVVHRDLK,61608704,61608632,5,7,HCIQQILEAVLHCHQMGVVHRDLK,1,24,61608704,61608632,2,0,TCACTGCATCCAGCAGATCCTGGAGGCCGTGCTGCACTGCCACCAGATGGGGGTGGTGCATCGGGACCTGAAG
7,bos_taurus,ENSBTAG00000020087,ENSBTAT00000026762,ENSBTAE00000481325,ENSBTAE00000481325_SE_18,10_0,-1,5,7,10,0,1,7,CCGGAGAACCTGTTGCTGGCCTCCAAGCTCAAGGGCGCTGCGGTGAAGCTGGCGGACTTTGGCCTGGCCATAGAGGTAGAGGGCGAGCAGCAGGCATGGTTTG,PENLLLASKLKGAAVKLADFGLAIEVEGEQQAWFG,61605605,61605503,5,8,PENLLLASKLKGAA,1,14,61605605,61605564,0,0,CCGGAGAACCTGTTGCTGGCCTCCAAGCTCAAGGGCGCTGCG
8,bos_taurus,ENSBTAG00000020087,ENSBTAT00000026762,ENSBTAE00000481325,ENSBTAE00000481325_SE_18,10_1,-1,5,7,10,0,1,7,CCGGAGAACCTGTTGCTGGCCTCCAAGCTCAAGGGCGCTGCGGTGAAGCTGGCGGACTTTGGCCTGGCCATAGAGGTAGAGGGCGAGCAGCAGGCATGGTTTG,PENLLLASKLKGAAVKLADFGLAIEVEGEQQAWFG,61605605,61605503,5,9,VKLADFGLAIEVEGEQQA,15,32,61605563,61605510,0,0,GTGAAGCTGGCGGACTTTGGCCTGGCCATAGAGGTAGAGGGCGAGCAGCAGGCA
9,bos_taurus,ENSBTAG00000020087,ENSBTAT00000026762,ENSBTAE00000481325,ENSBTAE00000481325_SE_18,10_2,-1,5,7,10,0,1,7,CCGGAGAACCTGTTGCTGGCCTCCAAGCTCAAGGGCGCTGCGGTGAAGCTGGCGGACTTTGGCCTGGCCATAGAGGTAGAGGGCGAGCAGCAGGCATGGTTTG,PENLLLASKLKGAAVKLADFGLAIEVEGEQQAWFG,61605605,61605503,5,10,WFG,33,35,61605509,61605503,0,1,TGGTTTG
10,bos_taurus,ENSBTAG00000020087,ENSBTAT00000026762,ENSBTAE00000217850,ENSBTAE00000217850_SE_17,17_1,-1,5,8,17,1,1,8,GGTTCGCAGGGACACCTGGATACCTCTCCCCAGAAGTGCTGCGGAAGGACCCGTATGGGAAGCCCGTGGACCTGTGGGCCTGCG,FAGTPGYLSPEVLRKDPYGKPVDLWACG,61603938,61603855,5,11,FAGTPGYLSPEVLRKDPYGKPVDLWACG,1,28,61603938,61603855,1,1,GGTTCGCAGGGACACCTGGATACCTCTCCCCAGAAGTGCTGCGGAAGGACCCGTATGGGAAGCCCGTGGACCTGTGGGCCTGCG
11,bos_taurus,ENSBTAG00000020087,ENSBTAT00000026762,ENSBTAE00000443351,ENSBTAE00000443351_SE_16,14_0,-1,5,9,14,1,0,9,GGGTCATCCTGTACATCCTGCTGGTGGGGTACCCCCCGTTCTGGGATGAGGACCAGCATCGCCTGTACCAGCAGATCAAAGCTGGCGCCTATGAT,VILYILLVGYPPFWDEDQHRLYQQIKAGAYD,61603714,61603620,5,12,VILYILLVGYPPFWDEDQHRLYQQIKAGAYD,1,31,61603714,61603620,1,0,GGGTCATCCTGTACATCCTGCTGGTGGGGTACCCCCCGTTCTGGGATGAGGACCAGCATCGCCTGTACCAGCAGATCAAAGCTGGCGCCTATGAT
12,bos_taurus,ENSBTAG00000020087,ENSBTAT00000026762,ENSBTAE00000217855,ENSBTAE00000217855_SE_15,5_2,-1,5,10,5,0,0,10,TTCCCGTCACCAGAATGGGACACGGTTACCCCGGAAGCCAAGGATCTGATCAATAAGATGCTGACCATCAACCCATCCAAACGCATCACGGCCGCTGAGGCCCTCAAGCACCCCTGGATCTCG,FPSPEWDTVTPEAKDLINKMLTINPSKRITAAEALKHPWIS,61602601,61602479,5,13,FPSPEWDTVTPEAKDLINKMLTINPSKRITAAEALKHPWIS,1,41,61602601,61602479,0,0,TTCCCGTCACCAGAATGGGACACGGTTACCCCGGAAGCCAAGGATCTGATCAATAAGATGCTGACCATCAACCCATCCAAACGCATCACGGCCGCTGAGGCCCTCAAGCACCCCTGGATCTCG
13,bos_taurus,ENSBTAG00000020087,ENSBTAT00000026762,ENSBTAE00000217860,ENSBTAE00000217860_SE_14/ENSBTAE00000518852_SE_14,9_0,-1,5,11,9,0,0,11,CACCGGTCCACCGTGGCCTCCTGCATGCACAGACAGGAGACCGTGGACTGCCTGAAGAAGTTCAACGCCAGGAGAAAACTGAAG,HRSTVASCMHRQETVDCLKKFNARRKLK,61602109,61602026,5,14,HRSTVASCMHRQETVDCLKKFNARRKLK,1,28,61602109,61602026,0,0,CACCGGTCCACCGTGGCCTCCTGCATGCACAGACAGGAGACCGTGGACTGCCTGAAGAAGTTCAACGCCAGGAGAAAACTGAAG
14,bos_taurus,ENSBTAG00000020087,ENSBTAT00000026762,ENSBTAE00000454295,ENSBTAE00000454295_SE_12/ENSBTAE00000493309_SE_12,15_0,-1,5,12,15,0,1,12,GGAGCCATCCTCACCACTATGCTGGCCACCAGGAACTTCTCTG,GAILTTMLATRNFSG,61600534,61600492,3,15,GAILTTMLATRNFSG,1,15,61600534,61600492,0,1,GGAGCCATCCTCACCACTATGCTGGCCACCAGGAACTTCTCTG
15,bos_taurus,ENSBTAG00000020087,ENSBTAT00000026762,ENSBTAE00000217865,ENSBTAE00000217865_SE_10,7_2,-1,5,13,7,1,0,13,GCGGGAAGAGTGGAGGAAACAAGAAGAACGATGGTGTGAAG,GKSGGNKKNDGVK,61597960,61597920,2,16,GKSGGNKKNDGVK,1,13,61597960,61597920,1,0,GCGGGAAGAGTGGAGGAAACAAGAAGAACGATGGTGTGAAG
16,bos_taurus,ENSBTAG00000020087,ENSBTAT00000026762,ENSBTAE00000481640,ENSBTAE00000481640_SE_7/ENSBTAE00000511858_SE_7,6_1,-1,5,14,6,0,1,14,GAATCTTCAGAGAGCACCAATACCACCATTGAGGATGAAGACACCAAAG,ESSESTNTTIEDEDTKV,61592323,61592275,3,17,ESSESTNTTIEDEDTKV,1,17,61592323,61592275,0,1,GAATCTTCAGAGAGCACCAATACCACCATTGAGGATGAAGACACCAAAG
17,bos_taurus,ENSBTAG00000020087,ENSBTAT00000026762,ENSBTAE00000217870,ENSBTAE00000217870_SE_4/ENSBTAE00000538605_SE_4/ENSBTAE00000543682_SE_4,4_2,-1,5,15,4,1,2,15,TGCGGAAACAAGAAATCATAAAAGTGACGGAGCAGCTGATTGAAGCCATAAGCAATGGAGATTTTGAGTCCTACAC,RKQEIIKVTEQLIEAISNGDFESYT,61584590,61584515,5,18,RKQEIIKVTEQLIEAISNGDFESYT,1,25,61584590,61584515,1,2,TGCGGAAACAAGAAATCATAAAAGTGACGGAGCAGCTGATTGAAGCCATAAGCAATGGAGATTTTGAGTCCTACAC
18,bos_taurus,ENSBTAG00000020087,ENSBTAT00000026762,ENSBTAE00000217872,ENSBTAE00000217872_SE_3,12_0,-1,5,16,12,2,1,16,GAAAATGTGTGACCCTGGGATGACGGCCTTCGAACCCGAGGCCCTGGGGAACCTGGTCGAGGGCCTGGACTTCCATCGATTCTATTTTGAAAACC,KMCDPGMTAFEPEALGNLVEGLDFHRFYFENL,61581908,61581814,5,19,KMCDPGMTAFEPEALGNLVEGLDFHRFYFENL,1,32,61581908,61581814,2,1,GAAAATGTGTGACCCTGGGATGACGGCCTTCGAACCCGAGGCCCTGGGGAACCTGGTCGAGGGCCTGGACTTCCATCGATTCTATTTTGAAAACC
19,bos_taurus,ENSBTAG00000020087,ENSBTAT00000026762,ENSBTAE00000136645,ENSBTAE00000136645_SE_2/ENSBTAE00000518825_SE_2,1_1,-1,5,17,1,1,2,17,TGTGGTCCCGGAACAGCAAGCCTGTGCACACCACCATCCTGAACCCCCACATCCACCTGATGGGTGACGAGTCGGCCTGCATCGCCTACATCCGCATCACGCAGTACCTGGACGCCGGCGGCATCCCCCGCACGGCCCAGTCGGAAGAGACCCGCGTCTGGCACCGCCGGGATGGCAAATGGCAGATCGTCCACTTCCACAGATCCGGGGCGCCTTCCGTCCTGCCGCA,WSRNSKPVHTTILNPHIHLMGDESACIAYIRITQYLDAGGIPRTAQSEETRVWHRRDGKWQIVHFHRSGAPSVLPH,61577992,61577764,5,20,WSRNSKPVHTTILNPHIHLMGDESACIAYIRITQYLDAGGIPRTAQSEETRVWHRRDGKWQIVHFHRSGAPSVLP,1,75,61577992,61577766,1,0,TGTGGTCCCGGAACAGCAAGCCTGTGCACACCACCATCCTGAACCCCCACATCCACCTGATGGGTGACGAGTCGGCCTGCATCGCCTACATCCGCATCACGCAGTACCTGGACGCCGGCGGCATCCCCCGCACGGCCCAGTCGGAAGAGACCCGCGTCTGGCACCGCCGGGATGGCAAATGGCAGATCGTCCACTTCCACAGATCCGGGGCGCCTTCCGTCCTGCCG
20,bos_taurus,ENSBTAG00000020087,ENSBTAT00000026762,ENSBTAE00000136645,ENSBTAE00000136645_SE_2/ENSBTAE00000518825_SE_2,1_2,-1,5,17,1,1,2,17,TGTGGTCCCGGAACAGCAAGCCTGTGCACACCACCATCCTGAACCCCCACATCCACCTGATGGGTGACGAGTCGGCCTGCATCGCCTACATCCGCATCACGCAGTACCTGGACGCCGGCGGCATCCCCCGCACGGCCCAGTCGGAAGAGACCCGCGTCTGGCACCGCCGGGATGGCAAATGGCAGATCGTCCACTTCCACAGATCCGGGGCGCCTTCCGTCCTGCCGCA,WSRNSKPVHTTILNPHIHLMGDESACIAYIRITQYLDAGGIPRTAQSEETRVWHRRDGKWQIVHFHRSGAPSVLPH,61577992,61577764,5,21,H,76,76,61577765,61577764,0,2,CA
21,bos_taurus,ENSBTAG00000020087,ENSBTAT00000026762,ENSBTAE00000316173/ENSBTAE00000538239,ENSBTAE00000316173_SE_0,0_1,-1,5,18,0,2,0,18,CTGA,*,61577518,61577515,2,22,,1,0,61577518,61577515,2,0,CTGA
22,bos_taurus,ENSBTAG00000020087,ENSBTAT00000066579,ENSBTAE00000490702,ENSBTAE00000277201_SE_26/ENSBTAE00000490702_SE_26,20_0,-1,5,1,20,0,2,0,ATGGCCACCATCACCTGCACCCGCTTCACGGAAGAGTACCAGCTCTTCGAGGAACTAGGAAA,MATITCTRFTEEYQLFEELGK,61640007,61639946,3,1,MATITCTRFTEEYQLFEELGK,1,21,61640007,61639946,0,2,ATGGCCACCATCACCTGCACCCGCTTCACGGAAGAGTACCAGCTCTTCGAGGAACTAGGAAA
23,bos_taurus,ENSBTAG00000020087,ENSBTAT00000066579,ENSBTAE00000466282,ENSBTAE00000466282_SE_24,13_0,-1,5,2,13,2,1,1,GGGAG,GA,61624065,61624061,3,2,GA,1,2,61624065,61624061,2,1,GGGAG
24,bos_taurus,ENSBTAG00000020087,ENSBTAT00000066579,ENSBTAE00000466282,ENSBTAE00000466282_SE_23/ENSBTAE00000502818_SE_23,13_1,-1,5,2,13,1,1,2,CCTTCTCAGTGGTGCGCAGGTGTGTGAAGGTGCTGGCCGGCCAGGAATATGCTGCCAAGATTATCAACACAAAGAAGCTCTCGGCCAGAG,FSVVRRCVKVLAGQEYAAKIINTKKLSARD,61624060,61623971,5,3,FSVVRRCVKVLAGQEYAAKIINTKKLSARD,1,30,61624060,61623971,1,1,CCTTCTCAGTGGTGCGCAGGTGTGTGAAGGTGCTGGCCGGCCAGGAATATGCTGCCAAGATTATCAACACAAAGAAGCTCTCGGCCAGAG
25,bos_taurus,ENSBTAG00000020087,ENSBTAT00000066579,ENSBTAE00000477968,ENSBTAE00000477968_SE_22,21_0,-1,5,3,21,1,1,3,ACCACCAGAAGCTGGAGCGTGAAGCCCGCATCTGCCGCCTGCTGAAGCACCCCAACATCG,HQKLEREARICRLLKHPNIV,61616755,61616696,5,4,HQKLEREARICRLLKHPNIV,1,20,61616755,61616696,1,1,ACCACCAGAAGCTGGAGCGTGAAGCCCGCATCTGCCGCCTGCTGAAGCACCCCAACATCG
26,bos_taurus,ENSBTAG00000020087,ENSBTAT00000066579,ENSBTAE00000217841,ENSBTAE00000217841_SE_21,23_0,-1,5,4,23,1,2,4,TCCGGCTCCATGACAGCATCTCTGAGGAGGGACACCATTACCTGATCTTTGACCT,RLHDSISEEGHHYLIFDL,61609780,61609726,5,5,RLHDSISEEGHHYLIFDL,1,18,61609780,61609726,1,2,TCCGGCTCCATGACAGCATCTCTGAGGAGGGACACCATTACCTGATCTTTGACCT
27,bos_taurus,ENSBTAG00000020087,ENSBTAT00000066579,ENSBTAE00000277199,ENSBTAE00000277199_SE_20,19_0,-1,5,5,19,2,2,5,CGTCACCGGCGGGGAGCTGTTTGAAGACATCGTGGCCCGGGAGTATTACAGTGAGGCGGATGCCAG,VTGGELFEDIVAREYYSEADAS,61608877,61608812,5,6,VTGGELFEDIVAREYYSEADAS,1,22,61608877,61608812,2,2,CGTCACCGGCGGGGAGCTGTTTGAAGACATCGTGGCCCGGGAGTATTACAGTGAGGCGGATGCCAG
28,bos_taurus,ENSBTAG00000020087,ENSBTAT00000066579,ENSBTAE00000448286,ENSBTAE00000448286_SE_19,18_0,-1,5,6,18,2,0,6,TCACTGCATCCAGCAGATCCTGGAGGCCGTGCTGCACTGCCACCAGATGGGGGTGGTGCATCGGGACCTGAAG,HCIQQILEAVLHCHQMGVVHRDLK,61608704,61608632,5,7,HCIQQILEAVLHCHQMGVVHRDLK,1,24,61608704,61608632,2,0,TCACTGCATCCAGCAGATCCTGGAGGCCGTGCTGCACTGCCACCAGATGGGGGTGGTGCATCGGGACCTGAAG
29,bos_taurus,ENSBTAG00000020087,ENSBTAT00000066579,ENSBTAE00000481325,ENSBTAE00000481325_SE_18,10_0,-1,5,7,10,0,1,7,CCGGAGAACCTGTTGCTGGCCTCCAAGCTCAAGGGCGCTGCGGTGAAGCTGGCGGACTTTGGCCTGGCCATAGAGGTAGAGGGCGAGCAGCAGGCATGGTTTG,PENLLLASKLKGAAVKLADFGLAIEVEGEQQAWFG,61605605,61605503,5,8,PENLLLASKLKGAA,1,14,61605605,61605564,0,0,CCGGAGAACCTGTTGCTGGCCTCCAAGCTCAAGGGCGCTGCG
30,bos_taurus,ENSBTAG00000020087,ENSBTAT00000066579,ENSBTAE00000481325,ENSBTAE00000481325_SE_18,10_1,-1,5,7,10,0,1,7,CCGGAGAACCTGTTGCTGGCCTCCAAGCTCAAGGGCGCTGCGGTGAAGCTGGCGGACTTTGGCCTGGCCATAGAGGTAGAGGGCGAGCAGCAGGCATGGTTTG,PENLLLASKLKGAAVKLADFGLAIEVEGEQQAWFG,61605605,61605503,5,9,VKLADFGLAIEVEGEQQA,15,32,61605563,61605510,0,0,GTGAAGCTGGCGGACTTTGGCCTGGCCATAGAGGTAGAGGGCGAGCAGCAGGCA
31,bos_taurus,ENSBTAG00000020087,ENSBTAT00000066579,ENSBTAE00000481325,ENSBTAE00000481325_SE_18,10_2,-1,5,7,10,0,1,7,CCGGAGAACCTGTTGCTGGCCTCCAAGCTCAAGGGCGCTGCGGTGAAGCTGGCGGACTTTGGCCTGGCCATAGAGGTAGAGGGCGAGCAGCAGGCATGGTTTG,PENLLLASKLKGAAVKLADFGLAIEVEGEQQAWFG,61605605,61605503,5,10,WFG,33,35,61605509,61605503,0,1,TGGTTTG
32,bos_taurus,ENSBTAG00000020087,ENSBTAT00000066579,ENSBTAE00000217850,ENSBTAE00000217850_SE_17,17_1,-1,5,8,17,1,1,8,GGTTCGCAGGGACACCTGGATACCTCTCCCCAGAAGTGCTGCGGAAGGACCCGTATGGGAAGCCCGTGGACCTGTGGGCCTGCG,FAGTPGYLSPEVLRKDPYGKPVDLWACG,61603938,61603855,5,11,FAGTPGYLSPEVLRKDPYGKPVDLWACG,1,28,61603938,61603855,1,1,GGTTCGCAGGGACACCTGGATACCTCTCCCCAGAAGTGCTGCGGAAGGACCCGTATGGGAAGCCCGTGGACCTGTGGGCCTGCG
33,bos_taurus,ENSBTAG00000020087,ENSBTAT00000066579,ENSBTAE00000443351,ENSBTAE00000443351_SE_16,14_0,-1,5,9,14,1,0,9,GGGTCATCCTGTACATCCTGCTGGTGGGGTACCCCCCGTTCTGGGATGAGGACCAGCATCGCCTGTACCAGCAGATCAAAGCTGGCGCCTATGAT,VILYILLVGYPPFWDEDQHRLYQQIKAGAYD,61603714,61603620,5,12,VILYILLVGYPPFWDEDQHRLYQQIKAGAYD,1,31,61603714,61603620,1,0,GGGTCATCCTGTACATCCTGCTGGTGGGGTACCCCCCGTTCTGGGATGAGGACCAGCATCGCCTGTACCAGCAGATCAAAGCTGGCGCCTATGAT
34,bos_taurus,ENSBTAG00000020087,ENSBTAT00000066579,ENSBTAE00000217855,ENSBTAE00000217855_SE_15,5_2,-1,5,10,5,0,0,10,TTCCCGTCACCAGAATGGGACACGGTTACCCCGGAAGCCAAGGATCTGATCAATAAGATGCTGACCATCAACCCATCCAAACGCATCACGGCCGCTGAGGCCCTCAAGCACCCCTGGATCTCG,FPSPEWDTVTPEAKDLINKMLTINPSKRITAAEALKHPWIS,61602601,61602479,5,13,FPSPEWDTVTPEAKDLINKMLTINPSKRITAAEALKHPWIS,1,41,61602601,61602479,0,0,TTCCCGTCACCAGAATGGGACACGGTTACCCCGGAAGCCAAGGATCTGATCAATAAGATGCTGACCATCAACCCATCCAAACGCATCACGGCCGCTGAGGCCCTCAAGCACCCCTGGATCTCG
35,bos_taurus,ENSBTAG00000020087,ENSBTAT00000066579,ENSBTAE00000518852,ENSBTAE00000217860_SE_14/ENSBTAE00000518852_SE_14,9_0,-1,5,11,9,0,0,11,CACCGGTCCACCGTGGCCTCCTGCATGCACAGACAGGAGACCGTGGACTGCCTGAAGAAGTTCAACGCCAGGAGAAAACTGAAG,HRSTVASCMHRQETVDCLKKFNARRKLK,61602109,61602026,5,14,HRSTVASCMHRQETVDCLKKFNARRKLK,1,28,61602109,61602026,0,0,CACCGGTCCACCGTGGCCTCCTGCATGCACAGACAGGAGACCGTGGACTGCCTGAAGAAGTTCAACGCCAGGAGAAAACTGAAG
36,bos_taurus,ENSBTAG00000020087,ENSBTAT00000066579,ENSBTAE00000518852,ENSBTAE00000518852_SE_13,19_1,-1,5,11,19,0,1,12,GTAACAGCAGGTCCTCATCCTCCAT,VTAGPHPPS,61602025,61602001,1,15,VTAGPHPPS,1,9,61602025,61602001,0,1,GTAACAGCAGGTCCTCATCCTCCAT
37,bos_taurus,ENSBTAG00000020087,ENSBTAT00000066579,ENSBTAE00000511858,ENSBTAE00000511858_SE_8,6_0,-1,5,12,6,1,0,13,CAAGTGGGCCTCACCACCTCCTGTATTCTTTTTGGCAG,SGPHHLLYSFWQ,61592361,61592324,1,16,SGPHHLLYSFWQ,1,12,61592361,61592324,1,0,CAAGTGGGCCTCACCACCTCCTGTATTCTTTTTGGCAG
38,bos_taurus,ENSBTAG00000020087,ENSBTAT00000066579,ENSBTAE00000511858,ENSBTAE00000481640_SE_7/ENSBTAE00000511858_SE_7,6_1,-1,5,12,6,0,1,14,GAATCTTCAGAGAGCACCAATACCACCATTGAGGATGAAGACACCAAAG,ESSESTNTTIEDEDTKV,61592323,61592275,3,17,ESSESTNTTIEDEDTKV,1,17,61592323,61592275,0,1,GAATCTTCAGAGAGCACCAATACCACCATTGAGGATGAAGACACCAAAG
39,bos_taurus,ENSBTAG00000020087,ENSBTAT00000066579,ENSBTAE00000217870,ENSBTAE00000217870_SE_4/ENSBTAE00000538605_SE_4/ENSBTAE00000543682_SE_4,4_2,-1,5,13,4,1,2,15,TGCGGAAACAAGAAATCATAAAAGTGACGGAGCAGCTGATTGAAGCCATAAGCAATGGAGATTTTGAGTCCTACAC,RKQEIIKVTEQLIEAISNGDFESYT,61584590,61584515,5,18,RKQEIIKVTEQLIEAISNGDFESYT,1,25,61584590,61584515,1,2,TGCGGAAACAAGAAATCATAAAAGTGACGGAGCAGCTGATTGAAGCCATAAGCAATGGAGATTTTGAGTCCTACAC
40,bos_taurus,ENSBTAG00000020087,ENSBTAT00000066579,ENSBTAE00000217872,ENSBTAE00000217872_SE_3,12_0,-1,5,14,12,2,1,16,GAAAATGTGTGACCCTGGGATGACGGCCTTCGAACCCGAGGCCCTGGGGAACCTGGTCGAGGGCCTGGACTTCCATCGATTCTATTTTGAAAACC,KMCDPGMTAFEPEALGNLVEGLDFHRFYFENL,61581908,61581814,5,19,KMCDPGMTAFEPEALGNLVEGLDFHRFYFENL,1,32,61581908,61581814,2,1,GAAAATGTGTGACCCTGGGATGACGGCCTTCGAACCCGAGGCCCTGGGGAACCTGGTCGAGGGCCTGGACTTCCATCGATTCTATTTTGAAAACC
41,bos_taurus,ENSBTAG00000020087,ENSBTAT00000066579,ENSBTAE00000518825,ENSBTAE00000136645_SE_2/ENSBTAE00000518825_SE_2,1_1,-1,5,15,1,1,2,17,TGTGGTCCCGGAACAGCAAGCCTGTGCACACCACCATCCTGAACCCCCACATCCACCTGATGGGTGACGAGTCGGCCTGCATCGCCTACATCCGCATCACGCAGTACCTGGACGCCGGCGGCATCCCCCGCACGGCCCAGTCGGAAGAGACCCGCGTCTGGCACCGCCGGGATGGCAAATGGCAGATCGTCCACTTCCACAGATCCGGGGCGCCTTCCGTCCTGCCGCA,WSRNSKPVHTTILNPHIHLMGDESACIAYIRITQYLDAGGIPRTAQSEETRVWHRRDGKWQIVHFHRSGAPSVLPQ,61577992,61577764,5,20,WSRNSKPVHTTILNPHIHLMGDESACIAYIRITQYLDAGGIPRTAQSEETRVWHRRDGKWQIVHFHRSGAPSVLP,1,75,61577992,61577766,1,0,TGTGGTCCCGGAACAGCAAGCCTGTGCACACCACCATCCTGAACCCCCACATCCACCTGATGGGTGACGAGTCGGCCTGCATCGCCTACATCCGCATCACGCAGTACCTGGACGCCGGCGGCATCCCCCGCACGGCCCAGTCGGAAGAGACCCGCGTCTGGCACCGCCGGGATGGCAAATGGCAGATCGTCCACTTCCACAGATCCGGGGCGCCTTCCGTCCTGCCG
42,bos_taurus,ENSBTAG00000020087,ENSBTAT00000066579,ENSBTAE00000518825,ENSBTAE00000136645_SE_2/ENSBTAE00000518825_SE_2,1_2,-1,5,15,1,1,2,17,TGTGGTCCCGGAACAGCAAGCCTGTGCACACCACCATCCTGAACCCCCACATCCACCTGATGGGTGACGAGTCGGCCTGCATCGCCTACATCCGCATCACGCAGTACCTGGACGCCGGCGGCATCCCCCGCACGGCCCAGTCGGAAGAGACCCGCGTCTGGCACCGCCGGGATGGCAAATGGCAGATCGTCCACTTCCACAGATCCGGGGCGCCTTCCGTCCTGCCGCA,WSRNSKPVHTTILNPHIHLMGDESACIAYIRITQYLDAGGIPRTAQSEETRVWHRRDGKWQIVHFHRSGAPSVLPQ,61577992,61577764,5,21,H,76,76,61577765,61577764,0,2,CA
43,bos_taurus,ENSBTAG00000020087,ENSBTAT00000066579,ENSBTAE00000518825,ENSBTAE00000518825_SE_1,0_3,-1,5,15,1,2,0,18,GTAA,*,61577763,61577760,3,22,,1,0,61577763,61577760,2,0,GTAA
44,bos_taurus,ENSBTAG00000020087,ENSBTAT00000073084,ENSBTAE00000277201/ENSBTAE00000528278,ENSBTAE00000277201_SE_26/ENSBTAE00000490702_SE_26,20_0,-1,5,1,20,0,2,0,ATGGCCACCATCACCTGCACCCGCTTCACGGAAGAGTACCAGCTCTTCGAGGAACTAGGAAA,MATITCTRFTEEYQLFEELGK,61640007,61639946,3,1,MATITCTRFTEEYQLFEELGK,1,21,61640007,61639946,0,2,ATGGCCACCATCACCTGCACCCGCTTCACGGAAGAGTACCAGCTCTTCGAGGAACTAGGAAA
45,bos_taurus,ENSBTAG00000020087,ENSBTAT00000073084,ENSBTAE00000466282,ENSBTAE00000466282_SE_24,13_0,-1,5,2,13,2,1,1,GGGAG,GA,61624065,61624061,3,2,GA,1,2,61624065,61624061,2,1,GGGAG
46,bos_taurus,ENSBTAG00000020087,ENSBTAT00000073084,ENSBTAE00000466282,ENSBTAE00000466282_SE_23/ENSBTAE00000502818_SE_23,13_1,-1,5,2,13,1,1,2,CCTTCTCAGTGGTGCGCAGGTGTGTGAAGGTGCTGGCCGGCCAGGAATATGCTGCCAAGATTATCAACACAAAGAAGCTCTCGGCCAGAG,FSVVRRCVKVLAGQEYAAKIINTKKLSARD,61624060,61623971,5,3,FSVVRRCVKVLAGQEYAAKIINTKKLSARD,1,30,61624060,61623971,1,1,CCTTCTCAGTGGTGCGCAGGTGTGTGAAGGTGCTGGCCGGCCAGGAATATGCTGCCAAGATTATCAACACAAAGAAGCTCTCGGCCAGAG
47,bos_taurus,ENSBTAG00000020087,ENSBTAT00000073084,ENSBTAE00000477968,ENSBTAE00000477968_SE_22,21_0,-1,5,3,21,1,1,3,ACCACCAGAAGCTGGAGCGTGAAGCCCGCATCTGCCGCCTGCTGAAGCACCCCAACATCG,HQKLEREARICRLLKHPNIV,61616755,61616696,5,4,HQKLEREARICRLLKHPNIV,1,20,61616755,61616696,1,1,ACCACCAGAAGCTGGAGCGTGAAGCCCGCATCTGCCGCCTGCTGAAGCACCCCAACATCG
48,bos_taurus,ENSBTAG00000020087,ENSBTAT00000073084,ENSBTAE00000217841,ENSBTAE00000217841_SE_21,23_0,-1,5,4,23,1,2,4,TCCGGCTCCATGACAGCATCTCTGAGGAGGGACACCATTACCTGATCTTTGACCT,RLHDSISEEGHHYLIFDL,61609780,61609726,5,5,RLHDSISEEGHHYLIFDL,1,18,61609780,61609726,1,2,TCCGGCTCCATGACAGCATCTCTGAGGAGGGACACCATTACCTGATCTTTGACCT
49,bos_taurus,ENSBTAG00000020087,ENSBTAT00000073084,ENSBTAE00000277199,ENSBTAE00000277199_SE_20,19_0,-1,5,5,19,2,2,5,CGTCACCGGCGGGGAGCTGTTTGAAGACATCGTGGCCCGGGAGTATTACAGTGAGGCGGATGCCAG,VTGGELFEDIVAREYYSEADAS,61608877,61608812,5,6,VTGGELFEDIVAREYYSEADAS,1,22,61608877,61608812,2,2,CGTCACCGGCGGGGAGCTGTTTGAAGACATCGTGGCCCGGGAGTATTACAGTGAGGCGGATGCCAG
50,bos_taurus,ENSBTAG00000020087,ENSBTAT00000073084,ENSBTAE00000448286,ENSBTAE00000448286_SE_19,18_0,-1,5,6,18,2,0,6,TCACTGCATCCAGCAGATCCTGGAGGCCGTGCTGCACTGCCACCAGATGGGGGTGGTGCATCGGGACCTGAAG,HCIQQILEAVLHCHQMGVVHRDLK,61608704,61608632,5,7,HCIQQILEAVLHCHQMGVVHRDLK,1,24,61608704,61608632,2,0,TCACTGCATCCAGCAGATCCTGGAGGCCGTGCTGCACTGCCACCAGATGGGGGTGGTGCATCGGGACCTGAAG
51,bos_taurus,ENSBTAG00000020087,ENSBTAT00000073084,ENSBTAE00000481325,ENSBTAE00000481325_SE_18,10_0,-1,5,7,10,0,1,7,CCGGAGAACCTGTTGCTGGCCTCCAAGCTCAAGGGCGCTGCGGTGAAGCTGGCGGACTTTGGCCTGGCCATAGAGGTAGAGGGCGAGCAGCAGGCATGGTTTG,PENLLLASKLKGAAVKLADFGLAIEVEGEQQAWFG,61605605,61605503,5,8,PENLLLASKLKGAA,1,14,61605605,61605564,0,0,CCGGAGAACCTGTTGCTGGCCTCCAAGCTCAAGGGCGCTGCG
52,bos_taurus,ENSBTAG00000020087,ENSBTAT00000073084,ENSBTAE00000481325,ENSBTAE00000481325_SE_18,10_1,-1,5,7,10,0,1,7,CCGGAGAACCTGTTGCTGGCCTCCAAGCTCAAGGGCGCTGCGGTGAAGCTGGCGGACTTTGGCCTGGCCATAGAGGTAGAGGGCGAGCAGCAGGCATGGTTTG,PENLLLASKLKGAAVKLADFGLAIEVEGEQQAWFG,61605605,61605503,5,9,VKLADFGLAIEVEGEQQA,15,32,61605563,61605510,0,0,GTGAAGCTGGCGGACTTTGGCCTGGCCATAGAGGTAGAGGGCGAGCAGCAGGCA
53,bos_taurus,ENSBTAG00000020087,ENSBTAT00000073084,ENSBTAE00000481325,ENSBTAE00000481325_SE_18,10_2,-1,5,7,10,0,1,7,CCGGAGAACCTGTTGCTGGCCTCCAAGCTCAAGGGCGCTGCGGTGAAGCTGGCGGACTTTGGCCTGGCCATAGAGGTAGAGGGCGAGCAGCAGGCATGGTTTG,PENLLLASKLKGAAVKLADFGLAIEVEGEQQAWFG,61605605,61605503,5,10,WFG,33,35,61605509,61605503,0,1,TGGTTTG
54,bos_taurus,ENSBTAG00000020087,ENSBTAT00000073084,ENSBTAE00000217850,ENSBTAE00000217850_SE_17,17_1,-1,5,8,17,1,1,8,GGTTCGCAGGGACACCTGGATACCTCTCCCCAGAAGTGCTGCGGAAGGACCCGTATGGGAAGCCCGTGGACCTGTGGGCCTGCG,FAGTPGYLSPEVLRKDPYGKPVDLWACG,61603938,61603855,5,11,FAGTPGYLSPEVLRKDPYGKPVDLWACG,1,28,61603938,61603855,1,1,GGTTCGCAGGGACACCTGGATACCTCTCCCCAGAAGTGCTGCGGAAGGACCCGTATGGGAAGCCCGTGGACCTGTGGGCCTGCG
55,bos_taurus,ENSBTAG00000020087,ENSBTAT00000073084,ENSBTAE00000443351,ENSBTAE00000443351_SE_16,14_0,-1,5,9,14,1,0,9,GGGTCATCCTGTACATCCTGCTGGTGGGGTACCCCCCGTTCTGGGATGAGGACCAGCATCGCCTGTACCAGCAGATCAAAGCTGGCGCCTATGAT,VILYILLVGYPPFWDEDQHRLYQQIKAGAYD,61603714,61603620,5,12,VILYILLVGYPPFWDEDQHRLYQQIKAGAYD,1,31,61603714,61603620,1,0,GGGTCATCCTGTACATCCTGCTGGTGGGGTACCCCCCGTTCTGGGATGAGGACCAGCATCGCCTGTACCAGCAGATCAAAGCTGGCGCCTATGAT
56,bos_taurus,ENSBTAG00000020087,ENSBTAT00000073084,ENSBTAE00000217855,ENSBTAE00000217855_SE_15,5_2,-1,5,10,5,0,0,10,TTCCCGTCACCAGAATGGGACACGGTTACCCCGGAAGCCAAGGATCTGATCAATAAGATGCTGACCATCAACCCATCCAAACGCATCACGGCCGCTGAGGCCCTCAAGCACCCCTGGATCTCG,FPSPEWDTVTPEAKDLINKMLTINPSKRITAAEALKHPWIS,61602601,61602479,5,13,FPSPEWDTVTPEAKDLINKMLTINPSKRITAAEALKHPWIS,1,41,61602601,61602479,0,0,TTCCCGTCACCAGAATGGGACACGGTTACCCCGGAAGCCAAGGATCTGATCAATAAGATGCTGACCATCAACCCATCCAAACGCATCACGGCCGCTGAGGCCCTCAAGCACCCCTGGATCTCG
57,bos_taurus,ENSBTAG00000020087,ENSBTAT00000073084,ENSBTAE00000217860,ENSBTAE00000217860_SE_14/ENSBTAE00000518852_SE_14,9_0,-1,5,11,9,0,0,11,CACCGGTCCACCGTGGCCTCCTGCATGCACAGACAGGAGACCGTGGACTGCCTGAAGAAGTTCAACGCCAGGAGAAAACTGAAG,HRSTVASCMHRQETVDCLKKFNARRKLK,61602109,61602026,5,14,HRSTVASCMHRQETVDCLKKFNARRKLK,1,28,61602109,61602026,0,0,CACCGGTCCACCGTGGCCTCCTGCATGCACAGACAGGAGACCGTGGACTGCCTGAAGAAGTTCAACGCCAGGAGAAAACTGAAG
58,bos_taurus,ENSBTAG00000020087,ENSBTAT00000073084,ENSBTAE00000454295,ENSBTAE00000454295_SE_12/ENSBTAE00000493309_SE_12,15_0,-1,5,12,15,0,1,12,GGAGCCATCCTCACCACTATGCTGGCCACCAGGAACTTCTCTG,GAILTTMLATRNFSG,61600534,61600492,3,15,GAILTTMLATRNFSG,1,15,61600534,61600492,0,1,GGAGCCATCCTCACCACTATGCTGGCCACCAGGAACTTCTCTG
59,bos_taurus,ENSBTAG00000020087,ENSBTAT00000073084,ENSBTAE00000217865,ENSBTAE00000217865_SE_10,7_2,-1,5,13,7,1,0,13,GCGGGAAGAGTGGAGGAAACAAGAAGAACGATGGTGTGAAG,GKSGGNKKNDGVK,61597960,61597920,2,16,GKSGGNKKNDGVK,1,13,61597960,61597920,1,0,GCGGGAAGAGTGGAGGAAACAAGAAGAACGATGGTGTGAAG
60,bos_taurus,ENSBTAG00000020087,ENSBTAT00000073084,ENSBTAE00000537475,ENSBTAE00000537475_SE_9,24_0,-1,5,14,24,0,0,14,AAAAGAAAGTCCAGTTCCAGCGTTCAGTTAATG,KRKSSSSVQLM,61593342,61593310,1,17,KRKSSSSVQLM,1,11,61593342,61593310,0,0,AAAAGAAAGTCCAGTTCCAGCGTTCAGTTAATG
61,bos_taurus,ENSBTAG00000020087,ENSBTAT00000073084,ENSBTAE00000481640,ENSBTAE00000481640_SE_7/ENSBTAE00000511858_SE_7,6_1,-1,5,15,6,0,1,15,GAATCTTCAGAGAGCACCAATACCACCATTGAGGATGAAGACACCAAAG,ESSESTNTTIEDEDTKV,61592323,61592275,3,18,ESSESTNTTIEDEDTKV,1,17,61592323,61592275,0,1,GAATCTTCAGAGAGCACCAATACCACCATTGAGGATGAAGACACCAAAG
62,bos_taurus,ENSBTAG00000020087,ENSBTAT00000073084,ENSBTAE00000217870,ENSBTAE00000217870_SE_4/ENSBTAE00000538605_SE_4/ENSBTAE00000543682_SE_4,4_2,-1,5,16,4,1,2,16,TGCGGAAACAAGAAATCATAAAAGTGACGGAGCAGCTGATTGAAGCCATAAGCAATGGAGATTTTGAGTCCTACAC,RKQEIIKVTEQLIEAISNGDFESYT,61584590,61584515,5,19,RKQEIIKVTEQLIEAISNGDFESYT,1,25,61584590,61584515,1,2,TGCGGAAACAAGAAATCATAAAAGTGACGGAGCAGCTGATTGAAGCCATAAGCAATGGAGATTTTGAGTCCTACAC
63,bos_taurus,ENSBTAG00000020087,ENSBTAT00000073084,ENSBTAE00000217872,ENSBTAE00000217872_SE_3,12_0,-1,5,17,12,2,1,17,GAAAATGTGTGACCCTGGGATGACGGCCTTCGAACCCGAGGCCCTGGGGAACCTGGTCGAGGGCCTGGACTTCCATCGATTCTATTTTGAAAACC,KMCDPGMTAFEPEALGNLVEGLDFHRFYFENL,61581908,61581814,5,20,KMCDPGMTAFEPEALGNLVEGLDFHRFYFENL,1,32,61581908,61581814,2,1,GAAAATGTGTGACCCTGGGATGACGGCCTTCGAACCCGAGGCCCTGGGGAACCTGGTCGAGGGCCTGGACTTCCATCGATTCTATTTTGAAAACC
64,bos_taurus,ENSBTAG00000020087,ENSBTAT00000073084,ENSBTAE00000136645,ENSBTAE00000136645_SE_2/ENSBTAE00000518825_SE_2,1_1,-1,5,18,1,1,2,18,TGTGGTCCCGGAACAGCAAGCCTGTGCACACCACCATCCTGAACCCCCACATCCACCTGATGGGTGACGAGTCGGCCTGCATCGCCTACATCCGCATCACGCAGTACCTGGACGCCGGCGGCATCCCCCGCACGGCCCAGTCGGAAGAGACCCGCGTCTGGCACCGCCGGGATGGCAAATGGCAGATCGTCCACTTCCACAGATCCGGGGCGCCTTCCGTCCTGCCGCA,WSRNSKPVHTTILNPHIHLMGDESACIAYIRITQYLDAGGIPRTAQSEETRVWHRRDGKWQIVHFHRSGAPSVLPH,61577992,61577764,5,21,WSRNSKPVHTTILNPHIHLMGDESACIAYIRITQYLDAGGIPRTAQSEETRVWHRRDGKWQIVHFHRSGAPSVLP,1,75,61577992,61577766,1,0,TGTGGTCCCGGAACAGCAAGCCTGTGCACACCACCATCCTGAACCCCCACATCCACCTGATGGGTGACGAGTCGGCCTGCATCGCCTACATCCGCATCACGCAGTACCTGGACGCCGGCGGCATCCCCCGCACGGCCCAGTCGGAAGAGACCCGCGTCTGGCACCGCCGGGATGGCAAATGGCAGATCGTCCACTTCCACAGATCCGGGGCGCCTTCCGTCCTGCCG
65,bos_taurus,ENSBTAG00000020087,ENSBTAT00000073084,ENSBTAE00000136645,ENSBTAE00000136645_SE_2/ENSBTAE00000518825_SE_2,1_2,-1,5,18,1,1,2,18,TGTGGTCCCGGAACAGCAAGCCTGTGCACACCACCATCCTGAACCCCCACATCCACCTGATGGGTGACGAGTCGGCCTGCATCGCCTACATCCGCATCACGCAGTACCTGGACGCCGGCGGCATCCCCCGCACGGCCCAGTCGGAAGAGACCCGCGTCTGGCACCGCCGGGATGGCAAATGGCAGATCGTCCACTTCCACAGATCCGGGGCGCCTTCCGTCCTGCCGCA,WSRNSKPVHTTILNPHIHLMGDESACIAYIRITQYLDAGGIPRTAQSEETRVWHRRDGKWQIVHFHRSGAPSVLPH,61577992,61577764,5,22,H,76,76,61577765,61577764,0,2,CA
66,bos_taurus,ENSBTAG00000020087,ENSBTAT00000073084,ENSBTAE00000316173/ENSBTAE00000538239,ENSBTAE00000316173_SE_0,0_2,-1,5,19,0,2,0,19,CTGA,*,61577518,61577515,2,23,,1,0,61577518,61577515,2,0,CTGA
67,bos_taurus,ENSBTAG00000020087,ENSBTAT00000073457,ENSBTAE00000515345,ENSBTAE00000515345_SE_25,1_0,-1,5,1,1,0,1,0,GCACCTTCTTCAAGTACCTGTTCCT,APSSSTCSS,61627377,61627353,2,1,APSSSTCSS,1,9,61627377,61627353,0,1,GCACCTTCTTCAAGTACCTGTTCCT
68,bos_taurus,ENSBTAG00000020087,ENSBTAT00000073457,ENSBTAE00000502818,ENSBTAE00000466282_SE_23/ENSBTAE00000502818_SE_23,13_1,-1,5,2,13,1,1,1,CCTTCTCAGTGGTGCGCAGGTGTGTGAAGGTGCTGGCCGGCCAGGAATATGCTGCCAAGATTATCAACACAAAGAAGCTCTCGGCCAGAG,FSVVRRCVKVLAGQEYAAKIINTKKLSARD,61624060,61623971,5,2,FSVVRRCVKVLAGQEYAAKIINTKKLSARD,1,30,61624060,61623971,1,1,CCTTCTCAGTGGTGCGCAGGTGTGTGAAGGTGCTGGCCGGCCAGGAATATGCTGCCAAGATTATCAACACAAAGAAGCTCTCGGCCAGAG
69,bos_taurus,ENSBTAG00000020087,ENSBTAT00000073457,ENSBTAE00000477968,ENSBTAE00000477968_SE_22,21_0,-1,5,3,21,1,1,2,ACCACCAGAAGCTGGAGCGTGAAGCCCGCATCTGCCGCCTGCTGAAGCACCCCAACATCG,HQKLEREARICRLLKHPNIV,61616755,61616696,5,3,HQKLEREARICRLLKHPNIV,1,20,61616755,61616696,1,1,ACCACCAGAAGCTGGAGCGTGAAGCCCGCATCTGCCGCCTGCTGAAGCACCCCAACATCG
70,bos_taurus,ENSBTAG00000020087,ENSBTAT00000073457,ENSBTAE00000217841,ENSBTAE00000217841_SE_21,23_0,-1,5,4,23,1,2,3,TCCGGCTCCATGACAGCATCTCTGAGGAGGGACACCATTACCTGATCTTTGACCT,RLHDSISEEGHHYLIFDL,61609780,61609726,5,4,RLHDSISEEGHHYLIFDL,1,18,61609780,61609726,1,2,TCCGGCTCCATGACAGCATCTCTGAGGAGGGACACCATTACCTGATCTTTGACCT
71,bos_taurus,ENSBTAG00000020087,ENSBTAT00000073457,ENSBTAE00000277199,ENSBTAE00000277199_SE_20,19_0,-1,5,5,19,2,2,4,CGTCACCGGCGGGGAGCTGTTTGAAGACATCGTGGCCCGGGAGTATTACAGTGAGGCGGATGCCAG,VTGGELFEDIVAREYYSEADAS,61608877,61608812,5,5,VTGGELFEDIVAREYYSEADAS,1,22,61608877,61608812,2,2,CGTCACCGGCGGGGAGCTGTTTGAAGACATCGTGGCCCGGGAGTATTACAGTGAGGCGGATGCCAG
72,bos_taurus,ENSBTAG00000020087,ENSBTAT00000073457,ENSBTAE00000448286,ENSBTAE00000448286_SE_19,18_0,-1,5,6,18,2,0,5,TCACTGCATCCAGCAGATCCTGGAGGCCGTGCTGCACTGCCACCAGATGGGGGTGGTGCATCGGGACCTGAAG,HCIQQILEAVLHCHQMGVVHRDLK,61608704,61608632,5,6,HCIQQILEAVLHCHQMGVVHRDLK,1,24,61608704,61608632,2,0,TCACTGCATCCAGCAGATCCTGGAGGCCGTGCTGCACTGCCACCAGATGGGGGTGGTGCATCGGGACCTGAAG
73,bos_taurus,ENSBTAG00000020087,ENSBTAT00000073457,ENSBTAE00000481325,ENSBTAE00000481325_SE_18,10_0,-1,5,7,10,0,1,6,CCGGAGAACCTGTTGCTGGCCTCCAAGCTCAAGGGCGCTGCGGTGAAGCTGGCGGACTTTGGCCTGGCCATAGAGGTAGAGGGCGAGCAGCAGGCATGGTTTG,PENLLLASKLKGAAVKLADFGLAIEVEGEQQAWFG,61605605,61605503,5,7,PENLLLASKLKGAA,1,14,61605605,61605564,0,0,CCGGAGAACCTGTTGCTGGCCTCCAAGCTCAAGGGCGCTGCG
74,bos_taurus,ENSBTAG00000020087,ENSBTAT00000073457,ENSBTAE00000481325,ENSBTAE00000481325_SE_18,10_1,-1,5,7,10,0,1,6,CCGGAGAACCTGTTGCTGGCCTCCAAGCTCAAGGGCGCTGCGGTGAAGCTGGCGGACTTTGGCCTGGCCATAGAGGTAGAGGGCGAGCAGCAGGCATGGTTTG,PENLLLASKLKGAAVKLADFGLAIEVEGEQQAWFG,61605605,61605503,5,8,VKLADFGLAIEVEGEQQA,15,32,61605563,61605510,0,0,GTGAAGCTGGCGGACTTTGGCCTGGCCATAGAGGTAGAGGGCGAGCAGCAGGCA
75,bos_taurus,ENSBTAG00000020087,ENSBTAT00000073457,ENSBTAE00000481325,ENSBTAE00000481325_SE_18,10_2,-1,5,7,10,0,1,6,CCGGAGAACCTGTTGCTGGCCTCCAAGCTCAAGGGCGCTGCGGTGAAGCTGGCGGACTTTGGCCTGGCCATAGAGGTAGAGGGCGAGCAGCAGGCATGGTTTG,PENLLLASKLKGAAVKLADFGLAIEVEGEQQAWFG,61605605,61605503,5,9,WFG,33,35,61605509,61605503,0,1,TGGTTTG
76,bos_taurus,ENSBTAG00000020087,ENSBTAT00000073457,ENSBTAE00000217850,ENSBTAE00000217850_SE_17,17_1,-1,5,8,17,1,1,7,GGTTCGCAGGGACACCTGGATACCTCTCCCCAGAAGTGCTGCGGAAGGACCCGTATGGGAAGCCCGTGGACCTGTGGGCCTGCG,FAGTPGYLSPEVLRKDPYGKPVDLWACG,61603938,61603855,5,10,FAGTPGYLSPEVLRKDPYGKPVDLWACG,1,28,61603938,61603855,1,1,GGTTCGCAGGGACACCTGGATACCTCTCCCCAGAAGTGCTGCGGAAGGACCCGTATGGGAAGCCCGTGGACCTGTGGGCCTGCG
77,bos_taurus,ENSBTAG00000020087,ENSBTAT00000073457,ENSBTAE00000443351,ENSBTAE00000443351_SE_16,14_0,-1,5,9,14,1,0,8,GGGTCATCCTGTACATCCTGCTGGTGGGGTACCCCCCGTTCTGGGATGAGGACCAGCATCGCCTGTACCAGCAGATCAAAGCTGGCGCCTATGAT,VILYILLVGYPPFWDEDQHRLYQQIKAGAYD,61603714,61603620,5,11,VILYILLVGYPPFWDEDQHRLYQQIKAGAYD,1,31,61603714,61603620,1,0,GGGTCATCCTGTACATCCTGCTGGTGGGGTACCCCCCGTTCTGGGATGAGGACCAGCATCGCCTGTACCAGCAGATCAAAGCTGGCGCCTATGAT
78,bos_taurus,ENSBTAG00000020087,ENSBTAT00000073457,ENSBTAE00000217855,ENSBTAE00000217855_SE_15,5_2,-1,5,10,5,0,0,9,TTCCCGTCACCAGAATGGGACACGGTTACCCCGGAAGCCAAGGATCTGATCAATAAGATGCTGACCATCAACCCATCCAAACGCATCACGGCCGCTGAGGCCCTCAAGCACCCCTGGATCTCG,FPSPEWDTVTPEAKDLINKMLTINPSKRITAAEALKHPWIS,61602601,61602479,5,12,FPSPEWDTVTPEAKDLINKMLTINPSKRITAAEALKHPWIS,1,41,61602601,61602479,0,0,TTCCCGTCACCAGAATGGGACACGGTTACCCCGGAAGCCAAGGATCTGATCAATAAGATGCTGACCATCAACCCATCCAAACGCATCACGGCCGCTGAGGCCCTCAAGCACCCCTGGATCTCG
79,bos_taurus,ENSBTAG00000020087,ENSBTAT00000073457,ENSBTAE00000217860,ENSBTAE00000217860_SE_14/ENSBTAE00000518852_SE_14,9_0,-1,5,11,9,0,0,10,CACCGGTCCACCGTGGCCTCCTGCATGCACAGACAGGAGACCGTGGACTGCCTGAAGAAGTTCAACGCCAGGAGAAAACTGAAG,HRSTVASCMHRQETVDCLKKFNARRKLK,61602109,61602026,5,13,HRSTVASCMHRQETVDCLKKFNARRKLK,1,28,61602109,61602026,0,0,CACCGGTCCACCGTGGCCTCCTGCATGCACAGACAGGAGACCGTGGACTGCCTGAAGAAGTTCAACGCCAGGAGAAAACTGAAG
80,bos_taurus,ENSBTAG00000020087,ENSBTAT00000073457,ENSBTAE00000493309,ENSBTAE00000454295_SE_12/ENSBTAE00000493309_SE_12,15_0,-1,5,12,15,0,1,11,GGAGCCATCCTCACCACTATGCTGGCCACCAGGAACTTCTCTG,GAILTTMLATRNFSG,61600534,61600492,3,14,GAILTTMLATRNFSG,1,15,61600534,61600492,0,1,GGAGCCATCCTCACCACTATGCTGGCCACCAGGAACTTCTCTG
81,bos_taurus,ENSBTAG00000020087,ENSBTAT00000073457,ENSBTAE00000493309,ENSBTAE00000493309_SE_11,15_1,-1,5,12,15,1,2,12,GTAG,R,61600491,61600488,1,15,R,1,1,61600491,61600488,1,2,GTAG
82,bos_taurus,ENSBTAG00000020087,ENSBTAT00000073457,ENSBTAE00000543682,ENSBTAE00000543682_SE_6,4_0,-1,5,13,4,2,0,13,GGCTCAG,AQ,61584667,61584661,1,16,AQ,1,2,61584667,61584661,2,0,GGCTCAG
83,bos_taurus,ENSBTAG00000020087,ENSBTAT00000073457,ENSBTAE00000543682,ENSBTAE00000538605_SE_5/ENSBTAE00000543682_SE_5,4_1,-1,5,13,4,0,1,14,GACACGGTGGCTGGCGCCACATCTCCGTCACGATCACTATTATCTCTCTGTGTCCCCTCCTGCCTTACAG,DTVAGATSPSRSLLSLCVPSCLTV,61584660,61584591,2,17,DTVAGATSPSRSLLSLCVPSCLTV,1,24,61584660,61584591,0,1,GACACGGTGGCTGGCGCCACATCTCCGTCACGATCACTATTATCTCTCTGTGTCCCCTCCTGCCTTACAG
84,bos_taurus,ENSBTAG00000020087,ENSBTAT00000073457,ENSBTAE00000543682,ENSBTAE00000217870_SE_4/ENSBTAE00000538605_SE_4/ENSBTAE00000543682_SE_4,4_2,-1,5,13,4,1,2,15,TGCGGAAACAAGAAATCATAAAAGTGACGGAGCAGCTGATTGAAGCCATAAGCAATGGAGATTTTGAGTCCTACAC,RKQEIIKVTEQLIEAISNGDFESYT,61584590,61584515,5,18,RKQEIIKVTEQLIEAISNGDFESYT,1,25,61584590,61584515,1,2,TGCGGAAACAAGAAATCATAAAAGTGACGGAGCAGCTGATTGAAGCCATAAGCAATGGAGATTTTGAGTCCTACAC
85,bos_taurus,ENSBTAG00000020087,ENSBTAT00000073457,ENSBTAE00000217872,ENSBTAE00000217872_SE_3,12_0,-1,5,14,12,2,1,16,GAAAATGTGTGACCCTGGGATGACGGCCTTCGAACCCGAGGCCCTGGGGAACCTGGTCGAGGGCCTGGACTTCCATCGATTCTATTTTGAAAACC,KMCDPGMTAFEPEALGNLVEGLDFHRFYFENL,61581908,61581814,5,19,KMCDPGMTAFEPEALGNLVEGLDFHRFYFENL,1,32,61581908,61581814,2,1,GAAAATGTGTGACCCTGGGATGACGGCCTTCGAACCCGAGGCCCTGGGGAACCTGGTCGAGGGCCTGGACTTCCATCGATTCTATTTTGAAAACC
86,bos_taurus,ENSBTAG00000020087,ENSBTAT00000073457,ENSBTAE00000518825,ENSBTAE00000136645_SE_2/ENSBTAE00000518825_SE_2,1_1,-1,5,15,1,1,2,17,TGTGGTCCCGGAACAGCAAGCCTGTGCACACCACCATCCTGAACCCCCACATCCACCTGATGGGTGACGAGTCGGCCTGCATCGCCTACATCCGCATCACGCAGTACCTGGACGCCGGCGGCATCCCCCGCACGGCCCAGTCGGAAGAGACCCGCGTCTGGCACCGCCGGGATGGCAAATGGCAGATCGTCCACTTCCACAGATCCGGGGCGCCTTCCGTCCTGCCGCA,WSRNSKPVHTTILNPHIHLMGDESACIAYIRITQYLDAGGIPRTAQSEETRVWHRRDGKWQIVHFHRSGAPSVLPQ,61577992,61577764,5,20,WSRNSKPVHTTILNPHIHLMGDESACIAYIRITQYLDAGGIPRTAQSEETRVWHRRDGKWQIVHFHRSGAPSVLP,1,75,61577992,61577766,1,0,TGTGGTCCCGGAACAGCAAGCCTGTGCACACCACCATCCTGAACCCCCACATCCACCTGATGGGTGACGAGTCGGCCTGCATCGCCTACATCCGCATCACGCAGTACCTGGACGCCGGCGGCATCCCCCGCACGGCCCAGTCGGAAGAGACCCGCGTCTGGCACCGCCGGGATGGCAAATGGCAGATCGTCCACTTCCACAGATCCGGGGCGCCTTCCGTCCTGCCG
87,bos_taurus,ENSBTAG00000020087,ENSBTAT00000073457,ENSBTAE00000518825,ENSBTAE00000136645_SE_2/ENSBTAE00000518825_SE_2,1_2,-1,5,15,1,1,2,17,TGTGGTCCCGGAACAGCAAGCCTGTGCACACCACCATCCTGAACCCCCACATCCACCTGATGGGTGACGAGTCGGCCTGCATCGCCTACATCCGCATCACGCAGTACCTGGACGCCGGCGGCATCCCCCGCACGGCCCAGTCGGAAGAGACCCGCGTCTGGCACCGCCGGGATGGCAAATGGCAGATCGTCCACTTCCACAGATCCGGGGCGCCTTCCGTCCTGCCGCA,WSRNSKPVHTTILNPHIHLMGDESACIAYIRITQYLDAGGIPRTAQSEETRVWHRRDGKWQIVHFHRSGAPSVLPQ,61577992,61577764,5,21,H,76,76,61577765,61577764,0,2,CA
88,bos_taurus,ENSBTAG00000020087,ENSBTAT00000073457,ENSBTAE00000518825,ENSBTAE00000518825_SE_1,0_4,-1,5,15,1,2,0,18,GTAA,*,61577763,61577760,3,22,,1,0,61577763,61577760,2,0,GTAA
89,bos_taurus,ENSBTAG00000020087,ENSBTAT00000086523,ENSBTAE00000515345,ENSBTAE00000515345_SE_25,1_0,-1,5,1,1,0,1,0,GCACCTTCTTCAAGTACCTGTTCCT,APSSSTCSS,61627377,61627353,2,1,APSSSTCSS,1,9,61627377,61627353,0,1,GCACCTTCTTCAAGTACCTGTTCCT
90,bos_taurus,ENSBTAG00000020087,ENSBTAT00000086523,ENSBTAE00000502818,ENSBTAE00000466282_SE_23/ENSBTAE00000502818_SE_23,13_1,-1,5,2,13,1,1,1,CCTTCTCAGTGGTGCGCAGGTGTGTGAAGGTGCTGGCCGGCCAGGAATATGCTGCCAAGATTATCAACACAAAGAAGCTCTCGGCCAGAG,FSVVRRCVKVLAGQEYAAKIINTKKLSARD,61624060,61623971,5,2,FSVVRRCVKVLAGQEYAAKIINTKKLSARD,1,30,61624060,61623971,1,1,CCTTCTCAGTGGTGCGCAGGTGTGTGAAGGTGCTGGCCGGCCAGGAATATGCTGCCAAGATTATCAACACAAAGAAGCTCTCGGCCAGAG
91,bos_taurus,ENSBTAG00000020087,ENSBTAT00000086523,ENSBTAE00000477968,ENSBTAE00000477968_SE_22,21_0,-1,5,3,21,1,1,2,ACCACCAGAAGCTGGAGCGTGAAGCCCGCATCTGCCGCCTGCTGAAGCACCCCAACATCG,HQKLEREARICRLLKHPNIV,61616755,61616696,5,3,HQKLEREARICRLLKHPNIV,1,20,61616755,61616696,1,1,ACCACCAGAAGCTGGAGCGTGAAGCCCGCATCTGCCGCCTGCTGAAGCACCCCAACATCG
92,bos_taurus,ENSBTAG00000020087,ENSBTAT00000086523,ENSBTAE00000217841,ENSBTAE00000217841_SE_21,23_0,-1,5,4,23,1,2,3,TCCGGCTCCATGACAGCATCTCTGAGGAGGGACACCATTACCTGATCTTTGACCT,RLHDSISEEGHHYLIFDL,61609780,61609726,5,4,RLHDSISEEGHHYLIFDL,1,18,61609780,61609726,1,2,TCCGGCTCCATGACAGCATCTCTGAGGAGGGACACCATTACCTGATCTTTGACCT
93,bos_taurus,ENSBTAG00000020087,ENSBTAT00000086523,ENSBTAE00000277199,ENSBTAE00000277199_SE_20,19_0,-1,5,5,19,2,2,4,CGTCACCGGCGGGGAGCTGTTTGAAGACATCGTGGCCCGGGAGTATTACAGTGAGGCGGATGCCAG,VTGGELFEDIVAREYYSEADAS,61608877,61608812,5,5,VTGGELFEDIVAREYYSEADAS,1,22,61608877,61608812,2,2,CGTCACCGGCGGGGAGCTGTTTGAAGACATCGTGGCCCGGGAGTATTACAGTGAGGCGGATGCCAG
94,bos_taurus,ENSBTAG00000020087,ENSBTAT00000086523,ENSBTAE00000448286,ENSBTAE00000448286_SE_19,18_0,-1,5,6,18,2,0,5,TCACTGCATCCAGCAGATCCTGGAGGCCGTGCTGCACTGCCACCAGATGGGGGTGGTGCATCGGGACCTGAAG,HCIQQILEAVLHCHQMGVVHRDLK,61608704,61608632,5,6,HCIQQILEAVLHCHQMGVVHRDLK,1,24,61608704,61608632,2,0,TCACTGCATCCAGCAGATCCTGGAGGCCGTGCTGCACTGCCACCAGATGGGGGTGGTGCATCGGGACCTGAAG
95,bos_taurus,ENSBTAG00000020087,ENSBTAT00000086523,ENSBTAE00000481325,ENSBTAE00000481325_SE_18,10_0,-1,5,7,10,0,1,6,CCGGAGAACCTGTTGCTGGCCTCCAAGCTCAAGGGCGCTGCGGTGAAGCTGGCGGACTTTGGCCTGGCCATAGAGGTAGAGGGCGAGCAGCAGGCATGGTTTG,PENLLLASKLKGAAVKLADFGLAIEVEGEQQAWFG,61605605,61605503,5,7,PENLLLASKLKGAA,1,14,61605605,61605564,0,0,CCGGAGAACCTGTTGCTGGCCTCCAAGCTCAAGGGCGCTGCG
96,bos_taurus,ENSBTAG00000020087,ENSBTAT00000086523,ENSBTAE00000481325,ENSBTAE00000481325_SE_18,10_1,-1,5,7,10,0,1,6,CCGGAGAACCTGTTGCTGGCCTCCAAGCTCAAGGGCGCTGCGGTGAAGCTGGCGGACTTTGGCCTGGCCATAGAGGTAGAGGGCGAGCAGCAGGCATGGTTTG,PENLLLASKLKGAAVKLADFGLAIEVEGEQQAWFG,61605605,61605503,5,8,VKLADFGLAIEVEGEQQA,15,32,61605563,61605510,0,0,GTGAAGCTGGCGGACTTTGGCCTGGCCATAGAGGTAGAGGGCGAGCAGCAGGCA
97,bos_taurus,ENSBTAG00000020087,ENSBTAT00000086523,ENSBTAE00000481325,ENSBTAE00000481325_SE_18,10_2,-1,5,7,10,0,1,6,CCGGAGAACCTGTTGCTGGCCTCCAAGCTCAAGGGCGCTGCGGTGAAGCTGGCGGACTTTGGCCTGGCCATAGAGGTAGAGGGCGAGCAGCAGGCATGGTTTG,PENLLLASKLKGAAVKLADFGLAIEVEGEQQAWFG,61605605,61605503,5,9,WFG,33,35,61605509,61605503,0,1,TGGTTTG
98,bos_taurus,ENSBTAG00000020087,ENSBTAT00000086523,ENSBTAE00000217850,ENSBTAE00000217850_SE_17,17_1,-1,5,8,17,1,1,7,GGTTCGCAGGGACACCTGGATACCTCTCCCCAGAAGTGCTGCGGAAGGACCCGTATGGGAAGCCCGTGGACCTGTGGGCCTGCG,FAGTPGYLSPEVLRKDPYGKPVDLWACG,61603938,61603855,5,10,FAGTPGYLSPEVLRKDPYGKPVDLWACG,1,28,61603938,61603855,1,1,GGTTCGCAGGGACACCTGGATACCTCTCCCCAGAAGTGCTGCGGAAGGACCCGTATGGGAAGCCCGTGGACCTGTGGGCCTGCG
99,bos_taurus,ENSBTAG00000020087,ENSBTAT00000086523,ENSBTAE00000443351,ENSBTAE00000443351_SE_16,14_0,-1,5,9,14,1,0,8,GGGTCATCCTGTACATCCTGCTGGTGGGGTACCCCCCGTTCTGGGATGAGGACCAGCATCGCCTGTACCAGCAGATCAAAGCTGGCGCCTATGAT,VILYILLVGYPPFWDEDQHRLYQQIKAGAYD,61603714,61603620,5,11,VILYILLVGYPPFWDEDQHRLYQQIKAGAYD,1,31,61603714,61603620,1,0,GGGTCATCCTGTACATCCTGCTGGTGGGGTACCCCCCGTTCTGGGATGAGGACCAGCATCGCCTGTACCAGCAGATCAAAGCTGGCGCCTATGAT
100,bos_taurus,ENSBTAG00000020087,ENSBTAT00000086523,ENSBTAE00000217855,ENSBTAE00000217855_SE_15,5_2,-1,5,10,5,0,0,9,TTCCCGTCACCAGAATGGGACACGGTTACCCCGGAAGCCAAGGATCTGATCAATAAGATGCTGACCATCAACCCATCCAAACGCATCACGGCCGCTGAGGCCCTCAAGCACCCCTGGATCTCG,FPSPEWDTVTPEAKDLINKMLTINPSKRITAAEALKHPWIS,61602601,61602479,5,12,FPSPEWDTVTPEAKDLINKMLTINPSKRITAAEALKHPWIS,1,41,61602601,61602479,0,0,TTCCCGTCACCAGAATGGGACACGGTTACCCCGGAAGCCAAGGATCTGATCAATAAGATGCTGACCATCAACCCATCCAAACGCATCACGGCCGCTGAGGCCCTCAAGCACCCCTGGATCTCG
101,bos_taurus,ENSBTAG00000020087,ENSBTAT00000086523,ENSBTAE00000217860,ENSBTAE00000217860_SE_14/ENSBTAE00000518852_SE_14,9_0,-1,5,11,9,0,0,10,CACCGGTCCACCGTGGCCTCCTGCATGCACAGACAGGAGACCGTGGACTGCCTGAAGAAGTTCAACGCCAGGAGAAAACTGAAG,HRSTVASCMHRQETVDCLKKFNARRKLK,61602109,61602026,5,13,HRSTVASCMHRQETVDCLKKFNARRKLK,1,28,61602109,61602026,0,0,CACCGGTCCACCGTGGCCTCCTGCATGCACAGACAGGAGACCGTGGACTGCCTGAAGAAGTTCAACGCCAGGAGAAAACTGAAG
102,bos_taurus,ENSBTAG00000020087,ENSBTAT00000086523,ENSBTAE00000538605,ENSBTAE00000538605_SE_5/ENSBTAE00000543682_SE_5,4_1,-1,5,12,4,0,1,11,GACACGGTGGCTGGCGCCACATCTCCGTCACGATCACTATTATCTCTCTGTGTCCCCTCCTGCCTTACAG,DTVAGATSPSRSLLSLCVPSCLTV,61584660,61584591,2,14,DTVAGATSPSRSLLSLCVPSCLTV,1,24,61584660,61584591,0,1,GACACGGTGGCTGGCGCCACATCTCCGTCACGATCACTATTATCTCTCTGTGTCCCCTCCTGCCTTACAG
103,bos_taurus,ENSBTAG00000020087,ENSBTAT00000086523,ENSBTAE00000538605,ENSBTAE00000217870_SE_4/ENSBTAE00000538605_SE_4/ENSBTAE00000543682_SE_4,4_2,-1,5,12,4,1,2,12,TGCGGAAACAAGAAATCATAAAAGTGACGGAGCAGCTGATTGAAGCCATAAGCAATGGAGATTTTGAGTCCTACAC,RKQEIIKVTEQLIEAISNGDFESYT,61584590,61584515,5,15,RKQEIIKVTEQLIEAISNGDFESYT,1,25,61584590,61584515,1,2,TGCGGAAACAAGAAATCATAAAAGTGACGGAGCAGCTGATTGAAGCCATAAGCAATGGAGATTTTGAGTCCTACAC
104,bos_taurus,ENSBTAG00000020087,ENSBTAT00000086523,ENSBTAE00000217872,ENSBTAE00000217872_SE_3,12_0,-1,5,13,12,2,1,13,GAAAATGTGTGACCCTGGGATGACGGCCTTCGAACCCGAGGCCCTGGGGAACCTGGTCGAGGGCCTGGACTTCCATCGATTCTATTTTGAAAACC,KMCDPGMTAFEPEALGNLVEGLDFHRFYFENL,61581908,61581814,5,16,KMCDPGMTAFEPEALGNLVEGLDFHRFYFENL,1,32,61581908,61581814,2,1,GAAAATGTGTGACCCTGGGATGACGGCCTTCGAACCCGAGGCCCTGGGGAACCTGGTCGAGGGCCTGGACTTCCATCGATTCTATTTTGAAAACC
105,bos_taurus,ENSBTAG00000020087,ENSBTAT00000086523,ENSBTAE00000518825,ENSBTAE00000136645_SE_2/ENSBTAE00000518825_SE_2,1_1,-1,5,14,1,1,2,14,TGTGGTCCCGGAACAGCAAGCCTGTGCACACCACCATCCTGAACCCCCACATCCACCTGATGGGTGACGAGTCGGCCTGCATCGCCTACATCCGCATCACGCAGTACCTGGACGCCGGCGGCATCCCCCGCACGGCCCAGTCGGAAGAGACCCGCGTCTGGCACCGCCGGGATGGCAAATGGCAGATCGTCCACTTCCACAGATCCGGGGCGCCTTCCGTCCTGCCGCA,WSRNSKPVHTTILNPHIHLMGDESACIAYIRITQYLDAGGIPRTAQSEETRVWHRRDGKWQIVHFHRSGAPSVLPQ,61577992,61577764,5,17,WSRNSKPVHTTILNPHIHLMGDESACIAYIRITQYLDAGGIPRTAQSEETRVWHRRDGKWQIVHFHRSGAPSVLP,1,75,61577992,61577766,1,0,TGTGGTCCCGGAACAGCAAGCCTGTGCACACCACCATCCTGAACCCCCACATCCACCTGATGGGTGACGAGTCGGCCTGCATCGCCTACATCCGCATCACGCAGTACCTGGACGCCGGCGGCATCCCCCGCACGGCCCAGTCGGAAGAGACCCGCGTCTGGCACCGCCGGGATGGCAAATGGCAGATCGTCCACTTCCACAGATCCGGGGCGCCTTCCGTCCTGCCG
106,bos_taurus,ENSBTAG00000020087,ENSBTAT00000086523,ENSBTAE00000518825,ENSBTAE00000136645_SE_2/ENSBTAE00000518825_SE_2,1_2,-1,5,14,1,1,2,14,TGTGGTCCCGGAACAGCAAGCCTGTGCACACCACCATCCTGAACCCCCACATCCACCTGATGGGTGACGAGTCGGCCTGCATCGCCTACATCCGCATCACGCAGTACCTGGACGCCGGCGGCATCCCCCGCACGGCCCAGTCGGAAGAGACCCGCGTCTGGCACCGCCGGGATGGCAAATGGCAGATCGTCCACTTCCACAGATCCGGGGCGCCTTCCGTCCTGCCGCA,WSRNSKPVHTTILNPHIHLMGDESACIAYIRITQYLDAGGIPRTAQSEETRVWHRRDGKWQIVHFHRSGAPSVLPQ,61577992,61577764,5,18,H,76,76,61577765,61577764,0,2,CA
107,bos_taurus,ENSBTAG00000020087,ENSBTAT00000086523,ENSBTAE00000518825,ENSBTAE00000518825_SE_1,0_5,-1,5,14,1,2,0,15,GTAA,*,61577763,61577760,3,19,,1,0,61577763,61577760,2,0,GTAA
108,danio_rerio,ENSDARG00000053617,ENSDART00000039571,ENSDARE00000977178,ENSDARE00000977178_SE_16,20_0,-1,1,1,20,0,2,0,ATGGCAACCATCACCTGCACACGCTTTACAGAGGAATACCAGCTGTTTGAGGAACTGGGAAA,MATITCTRFTEEYQLFEELGK,43952843,43952782,1,1,MATITCTRFTEEYQLFEELGK,1,21,43952843,43952782,0,2,ATGGCAACCATCACCTGCACACGCTTTACAGAGGAATACCAGCTGTTTGAGGAACTGGGAAA
109,danio_rerio,ENSDARG00000053617,ENSDART00000039571,ENSDARE00000713928,ENSDARE00000713928_SE_15,13_0,-1,1,2,13,2,1,1,GGGAGCCTTTTCTGTGGTGCGGAGATGCGTGAAAGTTCTCTCAGGGCAAGAGTATGCCGCTAAGATCATCAACACAAAGAAGCTGTCTACTCGGG,GAFSVVRRCVKVLSGQEYAAKIINTKKLSTRD,43949208,43949114,1,2,GA,1,2,43949208,43949202,2,0,GGGAGCC
110,danio_rerio,ENSDARG00000053617,ENSDART00000039571,ENSDARE00000713928,ENSDARE00000713928_SE_15,13_1,-1,1,2,13,2,1,1,GGGAGCCTTTTCTGTGGTGCGGAGATGCGTGAAAGTTCTCTCAGGGCAAGAGTATGCCGCTAAGATCATCAACACAAAGAAGCTGTCTACTCGGG,GAFSVVRRCVKVLSGQEYAAKIINTKKLSTRD,43949208,43949114,1,3,FSVVRRCVKVLSGQEYAAKIINTKKLSTRD,3,32,43949201,43949114,0,1,TTTTCTGTGGTGCGGAGATGCGTGAAAGTTCTCTCAGGGCAAGAGTATGCCGCTAAGATCATCAACACAAAGAAGCTGTCTACTCGGG
111,danio_rerio,ENSDARG00000053617,ENSDART00000039571,ENSDARE00000948113,ENSDARE00000948113_SE_14,21_0,-1,1,3,21,1,1,2,ACCACCAGAAGCTGGACAGGGAGGCTAGGATCTGCAGATTGCTGAAACACCCCAATATTG,HQKLDREARICRLLKHPNIV,43931824,43931765,1,4,HQKLDREARICRLLKHPNIV,1,20,43931824,43931765,1,1,ACCACCAGAAGCTGGACAGGGAGGCTAGGATCTGCAGATTGCTGAAACACCCCAATATTG
112,danio_rerio,ENSDARG00000053617,ENSDART00000039571,ENSDARE00000976853,ENSDARE00000976853_SE_13,23_0,-1,1,4,23,1,2,3,TGCGTCTGCATGACAGCATCTCAGAGGAAGGCCACCACTACCTCATCTTTGACCT,RLHDSISEEGHHYLIFDL,43931180,43931126,1,5,RLHDSISEEGHHYLIFDL,1,18,43931180,43931126,1,2,TGCGTCTGCATGACAGCATCTCAGAGGAAGGCCACCACTACCTCATCTTTGACCT
113,danio_rerio,ENSDARG00000053617,ENSDART00000039571,ENSDARE00000713921,ENSDARE00000713921_SE_12,19_0,-1,1,5,19,2,2,4,AGTAACGGGTGGTGAGCTGTTTGAAGACATCGTCGCCAGGGAATATTACAGTGAAGCAGATGCCAG,VTGGELFEDIVAREYYSEADAS,43929133,43929068,1,6,VTGGELFEDIVAREYYSEADAS,1,22,43929133,43929068,2,2,AGTAACGGGTGGTGAGCTGTTTGAAGACATCGTCGCCAGGGAATATTACAGTGAAGCAGATGCCAG
114,danio_rerio,ENSDARG00000053617,ENSDART00000039571,ENSDARE00000895490,ENSDARE00000895490_SE_11,18_0,-1,1,6,18,2,0,5,TCACTGCATTCAGCAGATTTTGGAGGCTGTACTTCATTGCCATCAGATGGGTGTTGTGCACAGAGACTTAAAG,HCIQQILEAVLHCHQMGVVHRDLK,43926830,43926758,1,7,HCIQQILEAVLHCHQMGVVHRDLK,1,24,43926830,43926758,2,0,TCACTGCATTCAGCAGATTTTGGAGGCTGTACTTCATTGCCATCAGATGGGTGTTGTGCACAGAGACTTAAAG
115,danio_rerio,ENSDARG00000053617,ENSDART00000039571,ENSDARE00000713913,ENSDARE00000713913_SE_10,10_0,-1,1,7,10,0,1,6,CCAGAAAACCTGCTTCTGGCTTCGAAATCCAAAGGCGCAGCTGTGAAGTTGGCAGATTTTGGCCTCGCCATTGAGGTTGAGGGGGAACAACAGGCCTGGTTTG,PENLLLASKSKGAAVKLADFGLAIEVEGEQQAWFG,43926018,43925916,1,8,PENLLLASKSKGAA,1,14,43926018,43925977,0,0,CCAGAAAACCTGCTTCTGGCTTCGAAATCCAAAGGCGCAGCT
116,danio_rerio,ENSDARG00000053617,ENSDART00000039571,ENSDARE00000713913,ENSDARE00000713913_SE_10,10_1,-1,1,7,10,0,1,6,CCAGAAAACCTGCTTCTGGCTTCGAAATCCAAAGGCGCAGCTGTGAAGTTGGCAGATTTTGGCCTCGCCATTGAGGTTGAGGGGGAACAACAGGCCTGGTTTG,PENLLLASKSKGAAVKLADFGLAIEVEGEQQAWFG,43926018,43925916,1,9,VKLADFGLAIEVEGEQQA,15,32,43925976,43925923,0,0,GTGAAGTTGGCAGATTTTGGCCTCGCCATTGAGGTTGAGGGGGAACAACAGGCC
117,danio_rerio,ENSDARG00000053617,ENSDART00000039571,ENSDARE00000713913,ENSDARE00000713913_SE_10,10_2,-1,1,7,10,0,1,6,CCAGAAAACCTGCTTCTGGCTTCGAAATCCAAAGGCGCAGCTGTGAAGTTGGCAGATTTTGGCCTCGCCATTGAGGTTGAGGGGGAACAACAGGCCTGGTTTG,PENLLLASKSKGAAVKLADFGLAIEVEGEQQAWFG,43926018,43925916,1,10,WFG,33,35,43925922,43925916,0,1,TGGTTTG
118,danio_rerio,ENSDARG00000053617,ENSDART00000039571,ENSDARE00000713911,ENSDARE00000713911_SE_9,17_1,-1,1,8,17,1,1,7,GCTTTGCCGGCACTCCTGGATACCTGTCCCCTGAAGTCCTCCGGAAGGATCCCTATGGGAAGGCTGTAGACCTGTGGGCGTGTG,FAGTPGYLSPEVLRKDPYGKAVDLWACG,43923955,43923872,1,11,FAGTPGYLSPEVLRKDPYGKAVDLWACG,1,28,43923955,43923872,1,1,GCTTTGCCGGCACTCCTGGATACCTGTCCCCTGAAGTCCTCCGGAAGGATCCCTATGGGAAGGCTGTAGACCTGTGGGCGTGTG
119,danio_rerio,ENSDARG00000053617,ENSDART00000039571,ENSDARE00000890583,ENSDARE00000890583_SE_8,14_0,-1,1,9,14,1,0,8,GTGTGATTCTTTACATTCTGCTGGTTGGATACCCACCCTTTTGGGATGAAGACCAACACAGACTCTATCAGCAAATTAAAGCCGGCGCCTATGAT,VILYILLVGYPPFWDEDQHRLYQQIKAGAYD,43920551,43920457,1,12,VILYILLVGYPPFWDEDQHRLYQQIKAGAYD,1,31,43920551,43920457,1,0,GTGTGATTCTTTACATTCTGCTGGTTGGATACCCACCCTTTTGGGATGAAGACCAACACAGACTCTATCAGCAAATTAAAGCCGGCGCCTATGAT
120,danio_rerio,ENSDARG00000053617,ENSDART00000039571,ENSDARE00000541508,ENSDARE00000541508_SE_7,5_2,-1,1,10,5,0,0,9,TTTCCTTCACCCGAGTGGGACACAGTCACTCCTGAGGCGAAAGATCTTATTAATAAGATGCTGACCATCAACCCGTCCAAACGCATCACTGCTGCGGAGGCGCTCAAACACCCATGGATATCA,FPSPEWDTVTPEAKDLINKMLTINPSKRITAAEALKHPWIS,43920322,43920200,1,13,FPSPEWDTVTPEAKDLINKMLTINPSKRITAAEALKHPWIS,1,41,43920322,43920200,0,0,TTTCCTTCACCCGAGTGGGACACAGTCACTCCTGAGGCGAAAGATCTTATTAATAAGATGCTGACCATCAACCCGTCCAAACGCATCACTGCTGCGGAGGCGCTCAAACACCCATGGATATCA
121,danio_rerio,ENSDARG00000053617,ENSDART00000039571,ENSDARE00000541507,ENSDARE00000541507_SE_6,9_0,-1,1,11,9,0,0,10,CATCGCTCCACCGTCGCATCTTGCATGCATAGGCAGGAGACTGTTGAATGTTTGAAGAAGTTCAACGCTAGAAGAAAGCTTAAG,HRSTVASCMHRQETVECLKKFNARRKLK,43916860,43916777,1,14,HRSTVASCMHRQETVECLKKFNARRKLK,1,28,43916860,43916777,0,0,CATCGCTCCACCGTCGCATCTTGCATGCATAGGCAGGAGACTGTTGAATGTTTGAAGAAGTTCAACGCTAGAAGAAAGCTTAAG
122,danio_rerio,ENSDARG00000053617,ENSDART00000039571,ENSDARE00001230833,ENSDARE00001230833_SE_5,15_0,-1,1,12,15,0,1,11,GGTGCTATCCTCACCACCATGCTGGCCACCAGAAACTTCTCAG,GAILTTMLATRNFSG,43915687,43915645,1,15,GAILTTMLATRNFSG,1,15,43915687,43915645,0,1,GGTGCTATCCTCACCACCATGCTGGCCACCAGAAACTTCTCAG
123,danio_rerio,ENSDARG00000053617,ENSDART00000039571,ENSDARE00000938266,ENSDARE00000938266_SE_4,7_2,-1,1,13,7,1,0,12,GAGGAAAGAGTGGCGTCAGCAAGAAGACGGATGGTGTGAAG,GKSGVSKKTDGVK,43910671,43910631,1,16,GKSGVSKKTDGVK,1,13,43910671,43910631,1,0,GAGGAAAGAGTGGCGTCAGCAAGAAGACGGATGGTGTGAAG
124,danio_rerio,ENSDARG00000053617,ENSDART00000039571,ENSDARE00000957462,ENSDARE00000957462_SE_3,6_1,-1,1,14,6,0,1,13,GAATCATCAGAGAGCACCAACACCACAATTGAAGATGAGGATACTAGAG,ESSESTNTTIEDEDTRV,43906687,43906639,1,17,ESSESTNTTIEDEDTRV,1,17,43906687,43906639,0,1,GAATCATCAGAGAGCACCAACACCACAATTGAAGATGAGGATACTAGAG
125,danio_rerio,ENSDARG00000053617,ENSDART00000039571,ENSDARE00000911211,ENSDARE00000911211_SE_2,4_2,-1,1,15,4,1,2,14,TGAGGAAGCAGGAAATCATCAAAGTAACCGAGCAGCTGATTGAAGCCATCAGCAATGGAGACTTCGAGAGTTACAC,RKQEIIKVTEQLIEAISNGDFESYT,43904731,43904656,1,18,RKQEIIKVTEQLIEAISNGDFESYT,1,25,43904731,43904656,1,2,TGAGGAAGCAGGAAATCATCAAAGTAACCGAGCAGCTGATTGAAGCCATCAGCAATGGAGACTTCGAGAGTTACAC
126,danio_rerio,ENSDARG00000053617,ENSDART00000039571,ENSDARE00000939149,ENSDARE00000939149_SE_1,12_0,-1,1,16,12,2,1,15,GAAGATGTGTGATCCCAGCGTTACAGCGTTTGAACCCGAAGCTCTGGGAAACCTGGTGGAGGGTCTGGACTTCCATCGCTTCTACTTTGAAAACT,KMCDPSVTAFEPEALGNLVEGLDFHRFYFENL,43903631,43903537,1,19,KMCDPSVTAFEPEALGNLVEGLDFHRFYFENL,1,32,43903631,43903537,2,1,GAAGATGTGTGATCCCAGCGTTACAGCGTTTGAACCCGAAGCTCTGGGAAACCTGGTGGAGGGTCTGGACTTCCATCGCTTCTACTTTGAAAACT
127,danio_rerio,ENSDARG00000053617,ENSDART00000039571,ENSDARE00000541477,ENSDARE00000541477_SE_0,1_1,-1,1,17,1,1,0,16,TGTGGTCAAAGAACAGCAAGCCGGTTCACACTACCATCCTCAACCCTCACATCCATCTGATCGGCGAGGAGGCCGCCTGCATCGCCTACATTCGCATCACACAGTACCTAGACAATAACGGGATGCCCTGCACTGCCCAGTCCGAAGAAACACGAATCTGGCATCGTAAAGACGGCAAGTGGCAGATAGTCCATTTCCACCGCTCGGGCTCTCCAGCTGCCATCGCTAAATAA,WSKNSKPVHTTILNPHIHLIGEEAACIAYIRITQYLDNNGMPCTAQSEETRIWHRKDGKWQIVHFHRSGSPAAIAK*,43900344,43900112,1,20,WSKNSKPVHTTILNPHIHLIGEEAACIAYIRITQYLDNNGMPCTAQSEETRIWHRKDGKWQIVHFHRSGSPAAIA,1,75,43900344,43900118,1,0,TGTGGTCAAAGAACAGCAAGCCGGTTCACACTACCATCCTCAACCCTCACATCCATCTGATCGGCGAGGAGGCCGCCTGCATCGCCTACATTCGCATCACACAGTACCTAGACAATAACGGGATGCCCTGCACTGCCCAGTCCGAAGAAACACGAATCTGGCATCGTAAAGACGGCAAGTGGCAGATAGTCCATTTCCACCGCTCGGGCTCTCCAGCTGCCATCGCT
128,danio_rerio,ENSDARG00000053617,ENSDART00000039571,ENSDARE00000541477,ENSDARE00000541477_SE_0,1_2,-1,1,17,1,1,0,16,TGTGGTCAAAGAACAGCAAGCCGGTTCACACTACCATCCTCAACCCTCACATCCATCTGATCGGCGAGGAGGCCGCCTGCATCGCCTACATTCGCATCACACAGTACCTAGACAATAACGGGATGCCCTGCACTGCCCAGTCCGAAGAAACACGAATCTGGCATCGTAAAGACGGCAAGTGGCAGATAGTCCATTTCCACCGCTCGGGCTCTCCAGCTGCCATCGCTAAATAA,WSKNSKPVHTTILNPHIHLIGEEAACIAYIRITQYLDNNGMPCTAQSEETRIWHRKDGKWQIVHFHRSGSPAAIAK*,43900344,43900112,1,21,K,76,76,43900117,43900112,0,0,AAATAA
129,homo_sapiens,ENSG00000070808,ENST00000348628,ENSE00001431365/ENSE00001885012,ENSE00001431365_SE_18,20_0,-1,2,1,20,0,2,0,ATGGCCACCATCACCTGCACCCGCTTCACGGAAGAGTACCAGCTCTTCGAGGAATTGGGCAA,MATITCTRFTEEYQLFEELGK,150289625,150289564,2,1,MATITCTRFTEEYQLFEELGK,1,21,150289625,150289564,0,2,ATGGCCACCATCACCTGCACCCGCTTCACGGAAGAGTACCAGCTCTTCGAGGAATTGGGCAA
130,homo_sapiens,ENSG00000070808,ENST00000348628,ENSE00003482247,ENSE00003482247_SE_17,13_0,-1,2,2,13,2,1,1,GGGAGCCTTCTCGGTGGTGCGAAGGTGTGTGAAGGTGCTGGCTGGCCAGGAGTATGCTGCCAAGATCATCAACACAAAGAAGCTGTCAGCCAGAG,GAFSVVRRCVKVLAGQEYAAKIINTKKLSARD,150273159,150273065,2,2,GA,1,2,150273159,150273153,2,0,GGGAGCC
131,homo_sapiens,ENSG00000070808,ENST00000348628,ENSE00003482247,ENSE00003482247_SE_17,13_1,-1,2,2,13,2,1,1,GGGAGCCTTCTCGGTGGTGCGAAGGTGTGTGAAGGTGCTGGCTGGCCAGGAGTATGCTGCCAAGATCATCAACACAAAGAAGCTGTCAGCCAGAG,GAFSVVRRCVKVLAGQEYAAKIINTKKLSARD,150273159,150273065,2,3,FSVVRRCVKVLAGQEYAAKIINTKKLSARD,3,32,150273152,150273065,0,1,TTCTCGGTGGTGCGAAGGTGTGTGAAGGTGCTGGCTGGCCAGGAGTATGCTGCCAAGATCATCAACACAAAGAAGCTGTCAGCCAGAG
132,homo_sapiens,ENSG00000070808,ENST00000348628,ENSE00003606932,ENSE00003606932_SE_16,21_0,-1,2,3,21,1,1,2,ACCATCAGAAGCTGGAGCGTGAAGCCCGCATCTGCCGCCTGCTGAAGCACCCCAACATCG,HQKLEREARICRLLKHPNIV,150265015,150264956,2,4,HQKLEREARICRLLKHPNIV,1,20,150265015,150264956,1,1,ACCATCAGAAGCTGGAGCGTGAAGCCCGCATCTGCCGCCTGCTGAAGCACCCCAACATCG
133,homo_sapiens,ENSG00000070808,ENST00000348628,ENSE00003791267,ENSE00003791267_SE_15,23_0,-1,2,4,23,1,2,3,TCCGACTACATGACAGCATCTCAGAGGAGGGACACCACTACCTGATCTTCGACCT,RLHDSISEEGHHYLIFDL,150257617,150257563,2,5,RLHDSISEEGHHYLIFDL,1,18,150257617,150257563,1,2,TCCGACTACATGACAGCATCTCAGAGGAGGGACACCACTACCTGATCTTCGACCT
134,homo_sapiens,ENSG00000070808,ENST00000348628,ENSE00003635197,ENSE00003635197_SE_14,19_0,-1,2,5,19,2,2,4,GGTCACTGGTGGGGAACTGTTTGAAGATATCGTGGCCCGGGAGTATTACAGTGAGGCGGATGCCAG,VTGGELFEDIVAREYYSEADAS,150256831,150256766,2,6,VTGGELFEDIVAREYYSEADAS,1,22,150256831,150256766,2,2,GGTCACTGGTGGGGAACTGTTTGAAGATATCGTGGCCCGGGAGTATTACAGTGAGGCGGATGCCAG
135,homo_sapiens,ENSG00000070808,ENST00000348628,ENSE00003686280,ENSE00003686280_SE_13,18_0,-1,2,6,18,2,0,5,TCACTGTATCCAGCAGATCCTGGAGGCTGTGCTGCACTGCCACCAGATGGGGGTGGTGCACCGGGACCTGAAG,HCIQQILEAVLHCHQMGVVHRDLK,150256645,150256573,2,7,HCIQQILEAVLHCHQMGVVHRDLK,1,24,150256645,150256573,2,0,TCACTGTATCCAGCAGATCCTGGAGGCTGTGCTGCACTGCCACCAGATGGGGGTGGTGCACCGGGACCTGAAG
136,homo_sapiens,ENSG00000070808,ENST00000348628,ENSE00003478430,ENSE00003478430_SE_12,10_0,-1,2,7,10,0,1,6,CCTGAGAATCTGTTGCTGGCCTCCAAGCTCAAGGGTGCCGCAGTGAAGCTGGCAGACTTTGGCCTGGCCATAGAGGTGGAGGGGGAGCAGCAGGCATGGTTTG,PENLLLASKLKGAAVKLADFGLAIEVEGEQQAWFG,150253546,150253444,2,8,PENLLLASKLKGAA,1,14,150253546,150253505,0,0,CCTGAGAATCTGTTGCTGGCCTCCAAGCTCAAGGGTGCCGCA
137,homo_sapiens,ENSG00000070808,ENST00000348628,ENSE00003478430,ENSE00003478430_SE_12,10_1,-1,2,7,10,0,1,6,CCTGAGAATCTGTTGCTGGCCTCCAAGCTCAAGGGTGCCGCAGTGAAGCTGGCAGACTTTGGCCTGGCCATAGAGGTGGAGGGGGAGCAGCAGGCATGGTTTG,PENLLLASKLKGAAVKLADFGLAIEVEGEQQAWFG,150253546,150253444,2,9,VKLADFGLAIEVEGEQQA,15,32,150253504,150253451,0,0,GTGAAGCTGGCAGACTTTGGCCTGGCCATAGAGGTGGAGGGGGAGCAGCAGGCA
138,homo_sapiens,ENSG00000070808,ENST00000348628,ENSE00003478430,ENSE00003478430_SE_12,10_2,-1,2,7,10,0,1,6,CCTGAGAATCTGTTGCTGGCCTCCAAGCTCAAGGGTGCCGCAGTGAAGCTGGCAGACTTTGGCCTGGCCATAGAGGTGGAGGGGGAGCAGCAGGCATGGTTTG,PENLLLASKLKGAAVKLADFGLAIEVEGEQQAWFG,150253546,150253444,2,10,WFG,33,35,150253450,150253444,0,1,TGGTTTG
139,homo_sapiens,ENSG00000070808,ENST00000348628,ENSE00003538138,ENSE00003538138_SE_11,17_1,-1,2,8,17,1,1,7,GGTTTGCAGGGACTCCTGGATATCTCTCCCCAGAAGTGCTGCGGAAGGACCCGTACGGGAAGCCTGTGGACCTGTGGGCTTGTG,FAGTPGYLSPEVLRKDPYGKPVDLWACG,150252065,150251982,2,11,FAGTPGYLSPEVLRKDPYGKPVDLWACG,1,28,150252065,150251982,1,1,GGTTTGCAGGGACTCCTGGATATCTCTCCCCAGAAGTGCTGCGGAAGGACCCGTACGGGAAGCCTGTGGACCTGTGGGCTTGTG
140,homo_sapiens,ENSG00000070808,ENST00000348628,ENSE00003575513,ENSE00003575513_SE_10,14_0,-1,2,9,14,1,0,8,GGGTCATCCTGTACATCCTGCTGGTTGGGTACCCCCCGTTCTGGGATGAGGACCAGCACCGCCTGTACCAGCAGATCAAAGCCGGCGCCTATGAT,VILYILLVGYPPFWDEDQHRLYQQIKAGAYD,150251844,150251750,2,12,VILYILLVGYPPFWDEDQHRLYQQIKAGAYD,1,31,150251844,150251750,1,0,GGGTCATCCTGTACATCCTGCTGGTTGGGTACCCCCCGTTCTGGGATGAGGACCAGCACCGCCTGTACCAGCAGATCAAAGCCGGCGCCTATGAT
141,homo_sapiens,ENSG00000070808,ENST00000348628,ENSE00003552768,ENSE00003552768_SE_9,5_2,-1,2,10,5,0,0,9,TTCCCATCGCCGGAATGGGACACTGTCACCCCGGAAGCCAAGGATCTGATCAATAAGATGCTGACCATTAACCCATCCAAACGCATCACAGCTGCCGAAGCCCTTAAGCACCCCTGGATCTCG,FPSPEWDTVTPEAKDLINKMLTINPSKRITAAEALKHPWIS,150250810,150250688,2,13,FPSPEWDTVTPEAKDLINKMLTINPSKRITAAEALKHPWIS,1,41,150250810,150250688,0,0,TTCCCATCGCCGGAATGGGACACTGTCACCCCGGAAGCCAAGGATCTGATCAATAAGATGCTGACCATTAACCCATCCAAACGCATCACAGCTGCCGAAGCCCTTAAGCACCCCTGGATCTCG
142,homo_sapiens,ENSG00000070808,ENST00000348628,ENSE00003517992,ENSE00003517992_SE_8,9_0,-1,2,11,9,0,0,10,CACCGCTCCACCGTGGCATCCTGCATGCACAGACAGGAGACCGTGGACTGCCTGAAGAAGTTCAATGCCAGGAGGAAACTGAAG,HRSTVASCMHRQETVDCLKKFNARRKLK,150250309,150250226,2,14,HRSTVASCMHRQETVDCLKKFNARRKLK,1,28,150250309,150250226,0,0,CACCGCTCCACCGTGGCATCCTGCATGCACAGACAGGAGACCGTGGACTGCCTGAAGAAGTTCAATGCCAGGAGGAAACTGAAG
143,homo_sapiens,ENSG00000070808,ENST00000348628,ENSE00003545447,ENSE00003545447_SE_7,15_0,-1,2,12,15,0,1,11,GGAGCCATTCTCACCACGATGCTGGCCACCAGGAACTTCTCCG,GAILTTMLATRNFSG,150247814,150247772,2,15,GAILTTMLATRNFSG,1,15,150247814,150247772,0,1,GGAGCCATTCTCACCACGATGCTGGCCACCAGGAACTTCTCCG
144,homo_sapiens,ENSG00000070808,ENST00000348628,ENSE00003681672,ENSE00003681672_SE_6,7_2,-1,2,13,7,1,0,12,GAGGGAAGAGTGGGGGAAACAAGAAGAGCGATGGTGTGAAG,GKSGGNKKSDGVK,150245201,150245161,2,16,GKSGGNKKSDGVK,1,13,150245201,150245161,1,0,GAGGGAAGAGTGGGGGAAACAAGAAGAGCGATGGTGTGAAG
145,homo_sapiens,ENSG00000070808,ENST00000348628,ENSE00003649385,ENSE00003649385_SE_4,6_1,-1,2,14,6,0,1,13,GAATCCTCAGAGAGCACCAACACCACCATCGAGGATGAAGACACCAAAG,ESSESTNTTIEDEDTKV,150238748,150238700,2,17,ESSESTNTTIEDEDTKV,1,17,150238748,150238700,0,1,GAATCCTCAGAGAGCACCAACACCACCATCGAGGATGAAGACACCAAAG
146,homo_sapiens,ENSG00000070808,ENST00000348628,ENSE00003676691,ENSE00003676691_SE_3,4_2,-1,2,15,4,1,2,14,TGCGGAAACAGGAAATTATAAAAGTGACAGAGCAGCTGATTGAAGCCATAAGCAATGGAGATTTTGAGTCCTACAC,RKQEIIKVTEQLIEAISNGDFESYT,150231380,150231305,2,18,RKQEIIKVTEQLIEAISNGDFESYT,1,25,150231380,150231305,1,2,TGCGGAAACAGGAAATTATAAAAGTGACAGAGCAGCTGATTGAAGCCATAAGCAATGGAGATTTTGAGTCCTACAC
147,homo_sapiens,ENSG00000070808,ENST00000348628,ENSE00003565600,ENSE00003565600_SE_2,12_0,-1,2,16,12,2,1,15,GAAGATGTGCGACCCTGGCATGACAGCCTTCGAACCTGAGGCCCTGGGGAACCTGGTTGAGGGCCTGGACTTCCATCGATTCTATTTTGAAAACC,KMCDPGMTAFEPEALGNLVEGLDFHRFYFENL,150228286,150228192,2,19,KMCDPGMTAFEPEALGNLVEGLDFHRFYFENL,1,32,150228286,150228192,2,1,GAAGATGTGCGACCCTGGCATGACAGCCTTCGAACCTGAGGCCCTGGGGAACCTGGTTGAGGGCCTGGACTTCCATCGATTCTATTTTGAAAACC
148,homo_sapiens,ENSG00000070808,ENST00000348628,ENSE00003533562,ENSE00003533562_SE_1,1_1,-1,2,17,1,1,2,16,TGTGGTCCCGGAACAGCAAGCCCGTGCACACCACCATCCTGAATCCCCACATCCACCTGATGGGCGACGAGTCAGCCTGCATCGCCTACATCCGCATCACGCAGTACCTGGACGCTGGCGGCATCCCACGCACCGCCCAGTCGGAGGAGACCCGTGTCTGGCACCGCCGGGATGGCAAATGGCAGATCGTCCACTTCCACAGATCTGGGGCGCCCTCCGTCCTGCCCCA,WSRNSKPVHTTILNPHIHLMGDESACIAYIRITQYLDAGGIPRTAQSEETRVWHRRDGKWQIVHFHRSGAPSVLPH,150223217,150222989,2,20,WSRNSKPVHTTILNPHIHLMGDESACIAYIRITQYLDAGGIPRTAQSEETRVWHRRDGKWQIVHFHRSGAPSVLP,1,75,150223217,150222991,1,0,TGTGGTCCCGGAACAGCAAGCCCGTGCACACCACCATCCTGAATCCCCACATCCACCTGATGGGCGACGAGTCAGCCTGCATCGCCTACATCCGCATCACGCAGTACCTGGACGCTGGCGGCATCCCACGCACCGCCCAGTCGGAGGAGACCCGTGTCTGGCACCGCCGGGATGGCAAATGGCAGATCGTCCACTTCCACAGATCTGGGGCGCCCTCCGTCCTGCCC
149,homo_sapiens,ENSG00000070808,ENST00000348628,ENSE00003533562,ENSE00003533562_SE_1,1_2,-1,2,17,1,1,2,16,TGTGGTCCCGGAACAGCAAGCCCGTGCACACCACCATCCTGAATCCCCACATCCACCTGATGGGCGACGAGTCAGCCTGCATCGCCTACATCCGCATCACGCAGTACCTGGACGCTGGCGGCATCCCACGCACCGCCCAGTCGGAGGAGACCCGTGTCTGGCACCGCCGGGATGGCAAATGGCAGATCGTCCACTTCCACAGATCTGGGGCGCCCTCCGTCCTGCCCCA,WSRNSKPVHTTILNPHIHLMGDESACIAYIRITQYLDAGGIPRTAQSEETRVWHRRDGKWQIVHFHRSGAPSVLPH,150223217,150222989,2,21,H,76,76,150222990,150222989,0,2,CA
150,homo_sapiens,ENSG00000070808,ENST00000348628,ENSE00001532987/ENSE00001873397,ENSE00001532987_SE_0,0_6,-1,2,18,0,2,0,17,CTGA,*,150222713,150222710,2,22,,1,0,150222713,150222710,2,0,CTGA
151,homo_sapiens,ENSG00000070808,ENST00000398376,ENSE00001431365/ENSE00001885012,ENSE00001431365_SE_18,20_0,-1,2,1,20,0,2,0,ATGGCCACCATCACCTGCACCCGCTTCACGGAAGAGTACCAGCTCTTCGAGGAATTGGGCAA,MATITCTRFTEEYQLFEELGK,150289625,150289564,2,1,MATITCTRFTEEYQLFEELGK,1,21,150289625,150289564,0,2,ATGGCCACCATCACCTGCACCCGCTTCACGGAAGAGTACCAGCTCTTCGAGGAATTGGGCAA
152,homo_sapiens,ENSG00000070808,ENST00000398376,ENSE00003482247,ENSE00003482247_SE_17,13_0,-1,2,2,13,2,1,1,GGGAGCCTTCTCGGTGGTGCGAAGGTGTGTGAAGGTGCTGGCTGGCCAGGAGTATGCTGCCAAGATCATCAACACAAAGAAGCTGTCAGCCAGAG,GAFSVVRRCVKVLAGQEYAAKIINTKKLSARD,150273159,150273065,2,2,GA,1,2,150273159,150273153,2,0,GGGAGCC
153,homo_sapiens,ENSG00000070808,ENST00000398376,ENSE00003482247,ENSE00003482247_SE_17,13_1,-1,2,2,13,2,1,1,GGGAGCCTTCTCGGTGGTGCGAAGGTGTGTGAAGGTGCTGGCTGGCCAGGAGTATGCTGCCAAGATCATCAACACAAAGAAGCTGTCAGCCAGAG,GAFSVVRRCVKVLAGQEYAAKIINTKKLSARD,150273159,150273065,2,3,FSVVRRCVKVLAGQEYAAKIINTKKLSARD,3,32,150273152,150273065,0,1,TTCTCGGTGGTGCGAAGGTGTGTGAAGGTGCTGGCTGGCCAGGAGTATGCTGCCAAGATCATCAACACAAAGAAGCTGTCAGCCAGAG
154,homo_sapiens,ENSG00000070808,ENST00000398376,ENSE00003606932,ENSE00003606932_SE_16,21_0,-1,2,3,21,1,1,2,ACCATCAGAAGCTGGAGCGTGAAGCCCGCATCTGCCGCCTGCTGAAGCACCCCAACATCG,HQKLEREARICRLLKHPNIV,150265015,150264956,2,4,HQKLEREARICRLLKHPNIV,1,20,150265015,150264956,1,1,ACCATCAGAAGCTGGAGCGTGAAGCCCGCATCTGCCGCCTGCTGAAGCACCCCAACATCG
155,homo_sapiens,ENSG00000070808,ENST00000398376,ENSE00003791267,ENSE00003791267_SE_15,23_0,-1,2,4,23,1,2,3,TCCGACTACATGACAGCATCTCAGAGGAGGGACACCACTACCTGATCTTCGACCT,RLHDSISEEGHHYLIFDL,150257617,150257563,2,5,RLHDSISEEGHHYLIFDL,1,18,150257617,150257563,1,2,TCCGACTACATGACAGCATCTCAGAGGAGGGACACCACTACCTGATCTTCGACCT
156,homo_sapiens,ENSG00000070808,ENST00000398376,ENSE00003635197,ENSE00003635197_SE_14,19_0,-1,2,5,19,2,2,4,GGTCACTGGTGGGGAACTGTTTGAAGATATCGTGGCCCGGGAGTATTACAGTGAGGCGGATGCCAG,VTGGELFEDIVAREYYSEADAS,150256831,150256766,2,6,VTGGELFEDIVAREYYSEADAS,1,22,150256831,150256766,2,2,GGTCACTGGTGGGGAACTGTTTGAAGATATCGTGGCCCGGGAGTATTACAGTGAGGCGGATGCCAG
157,homo_sapiens,ENSG00000070808,ENST00000398376,ENSE00003686280,ENSE00003686280_SE_13,18_0,-1,2,6,18,2,0,5,TCACTGTATCCAGCAGATCCTGGAGGCTGTGCTGCACTGCCACCAGATGGGGGTGGTGCACCGGGACCTGAAG,HCIQQILEAVLHCHQMGVVHRDLK,150256645,150256573,2,7,HCIQQILEAVLHCHQMGVVHRDLK,1,24,150256645,150256573,2,0,TCACTGTATCCAGCAGATCCTGGAGGCTGTGCTGCACTGCCACCAGATGGGGGTGGTGCACCGGGACCTGAAG
158,homo_sapiens,ENSG00000070808,ENST00000398376,ENSE00003478430,ENSE00003478430_SE_12,10_0,-1,2,7,10,0,1,6,CCTGAGAATCTGTTGCTGGCCTCCAAGCTCAAGGGTGCCGCAGTGAAGCTGGCAGACTTTGGCCTGGCCATAGAGGTGGAGGGGGAGCAGCAGGCATGGTTTG,PENLLLASKLKGAAVKLADFGLAIEVEGEQQAWFG,150253546,150253444,2,8,PENLLLASKLKGAA,1,14,150253546,150253505,0,0,CCTGAGAATCTGTTGCTGGCCTCCAAGCTCAAGGGTGCCGCA
159,homo_sapiens,ENSG00000070808,ENST00000398376,ENSE00003478430,ENSE00003478430_SE_12,10_1,-1,2,7,10,0,1,6,CCTGAGAATCTGTTGCTGGCCTCCAAGCTCAAGGGTGCCGCAGTGAAGCTGGCAGACTTTGGCCTGGCCATAGAGGTGGAGGGGGAGCAGCAGGCATGGTTTG,PENLLLASKLKGAAVKLADFGLAIEVEGEQQAWFG,150253546,150253444,2,9,VKLADFGLAIEVEGEQQA,15,32,150253504,150253451,0,0,GTGAAGCTGGCAGACTTTGGCCTGGCCATAGAGGTGGAGGGGGAGCAGCAGGCA
160,homo_sapiens,ENSG00000070808,ENST00000398376,ENSE00003478430,ENSE00003478430_SE_12,10_2,-1,2,7,10,0,1,6,CCTGAGAATCTGTTGCTGGCCTCCAAGCTCAAGGGTGCCGCAGTGAAGCTGGCAGACTTTGGCCTGGCCATAGAGGTGGAGGGGGAGCAGCAGGCATGGTTTG,PENLLLASKLKGAAVKLADFGLAIEVEGEQQAWFG,150253546,150253444,2,10,WFG,33,35,150253450,150253444,0,1,TGGTTTG
161,homo_sapiens,ENSG00000070808,ENST00000398376,ENSE00003538138,ENSE00003538138_SE_11,17_1,-1,2,8,17,1,1,7,GGTTTGCAGGGACTCCTGGATATCTCTCCCCAGAAGTGCTGCGGAAGGACCCGTACGGGAAGCCTGTGGACCTGTGGGCTTGTG,FAGTPGYLSPEVLRKDPYGKPVDLWACG,150252065,150251982,2,11,FAGTPGYLSPEVLRKDPYGKPVDLWACG,1,28,150252065,150251982,1,1,GGTTTGCAGGGACTCCTGGATATCTCTCCCCAGAAGTGCTGCGGAAGGACCCGTACGGGAAGCCTGTGGACCTGTGGGCTTGTG
162,homo_sapiens,ENSG00000070808,ENST00000398376,ENSE00003575513,ENSE00003575513_SE_10,14_0,-1,2,9,14,1,0,8,GGGTCATCCTGTACATCCTGCTGGTTGGGTACCCCCCGTTCTGGGATGAGGACCAGCACCGCCTGTACCAGCAGATCAAAGCCGGCGCCTATGAT,VILYILLVGYPPFWDEDQHRLYQQIKAGAYD,150251844,150251750,2,12,VILYILLVGYPPFWDEDQHRLYQQIKAGAYD,1,31,150251844,150251750,1,0,GGGTCATCCTGTACATCCTGCTGGTTGGGTACCCCCCGTTCTGGGATGAGGACCAGCACCGCCTGTACCAGCAGATCAAAGCCGGCGCCTATGAT
163,homo_sapiens,ENSG00000070808,ENST00000398376,ENSE00003552768,ENSE00003552768_SE_9,5_2,-1,2,10,5,0,0,9,TTCCCATCGCCGGAATGGGACACTGTCACCCCGGAAGCCAAGGATCTGATCAATAAGATGCTGACCATTAACCCATCCAAACGCATCACAGCTGCCGAAGCCCTTAAGCACCCCTGGATCTCG,FPSPEWDTVTPEAKDLINKMLTINPSKRITAAEALKHPWIS,150250810,150250688,2,13,FPSPEWDTVTPEAKDLINKMLTINPSKRITAAEALKHPWIS,1,41,150250810,150250688,0,0,TTCCCATCGCCGGAATGGGACACTGTCACCCCGGAAGCCAAGGATCTGATCAATAAGATGCTGACCATTAACCCATCCAAACGCATCACAGCTGCCGAAGCCCTTAAGCACCCCTGGATCTCG
164,homo_sapiens,ENSG00000070808,ENST00000398376,ENSE00003517992,ENSE00003517992_SE_8,9_0,-1,2,11,9,0,0,10,CACCGCTCCACCGTGGCATCCTGCATGCACAGACAGGAGACCGTGGACTGCCTGAAGAAGTTCAATGCCAGGAGGAAACTGAAG,HRSTVASCMHRQETVDCLKKFNARRKLK,150250309,150250226,2,14,HRSTVASCMHRQETVDCLKKFNARRKLK,1,28,150250309,150250226,0,0,CACCGCTCCACCGTGGCATCCTGCATGCACAGACAGGAGACCGTGGACTGCCTGAAGAAGTTCAATGCCAGGAGGAAACTGAAG
165,homo_sapiens,ENSG00000070808,ENST00000398376,ENSE00003545447,ENSE00003545447_SE_7,15_0,-1,2,12,15,0,1,11,GGAGCCATTCTCACCACGATGCTGGCCACCAGGAACTTCTCCG,GAILTTMLATRNFSG,150247814,150247772,2,15,GAILTTMLATRNFSG,1,15,150247814,150247772,0,1,GGAGCCATTCTCACCACGATGCTGGCCACCAGGAACTTCTCCG
166,homo_sapiens,ENSG00000070808,ENST00000398376,ENSE00003681672,ENSE00003681672_SE_6,7_2,-1,2,13,7,1,0,12,GAGGGAAGAGTGGGGGAAACAAGAAGAGCGATGGTGTGAAG,GKSGGNKKSDGVK,150245201,150245161,2,16,GKSGGNKKSDGVK,1,13,150245201,150245161,1,0,GAGGGAAGAGTGGGGGAAACAAGAAGAGCGATGGTGTGAAG
167,homo_sapiens,ENSG00000070808,ENST00000398376,ENSE00003507431,ENSE00003507431_SE_5,24_0,-1,2,14,24,0,0,13,AAAAGAAAGTCCAGTTCCAGCGTTCAGTTAATG,KRKSSSSVQLM,150239736,150239704,1,17,KRKSSSSVQLM,1,11,150239736,150239704,0,0,AAAAGAAAGTCCAGTTCCAGCGTTCAGTTAATG
168,homo_sapiens,ENSG00000070808,ENST00000398376,ENSE00003649385,ENSE00003649385_SE_4,6_1,-1,2,15,6,0,1,14,GAATCCTCAGAGAGCACCAACACCACCATCGAGGATGAAGACACCAAAG,ESSESTNTTIEDEDTKV,150238748,150238700,2,18,ESSESTNTTIEDEDTKV,1,17,150238748,150238700,0,1,GAATCCTCAGAGAGCACCAACACCACCATCGAGGATGAAGACACCAAAG
169,homo_sapiens,ENSG00000070808,ENST00000398376,ENSE00003676691,ENSE00003676691_SE_3,4_2,-1,2,16,4,1,2,15,TGCGGAAACAGGAAATTATAAAAGTGACAGAGCAGCTGATTGAAGCCATAAGCAATGGAGATTTTGAGTCCTACAC,RKQEIIKVTEQLIEAISNGDFESYT,150231380,150231305,2,19,RKQEIIKVTEQLIEAISNGDFESYT,1,25,150231380,150231305,1,2,TGCGGAAACAGGAAATTATAAAAGTGACAGAGCAGCTGATTGAAGCCATAAGCAATGGAGATTTTGAGTCCTACAC
170,homo_sapiens,ENSG00000070808,ENST00000398376,ENSE00003565600,ENSE00003565600_SE_2,12_0,-1,2,17,12,2,1,16,GAAGATGTGCGACCCTGGCATGACAGCCTTCGAACCTGAGGCCCTGGGGAACCTGGTTGAGGGCCTGGACTTCCATCGATTCTATTTTGAAAACC,KMCDPGMTAFEPEALGNLVEGLDFHRFYFENL,150228286,150228192,2,20,KMCDPGMTAFEPEALGNLVEGLDFHRFYFENL,1,32,150228286,150228192,2,1,GAAGATGTGCGACCCTGGCATGACAGCCTTCGAACCTGAGGCCCTGGGGAACCTGGTTGAGGGCCTGGACTTCCATCGATTCTATTTTGAAAACC
171,homo_sapiens,ENSG00000070808,ENST00000398376,ENSE00003533562,ENSE00003533562_SE_1,1_1,-1,2,18,1,1,2,17,TGTGGTCCCGGAACAGCAAGCCCGTGCACACCACCATCCTGAATCCCCACATCCACCTGATGGGCGACGAGTCAGCCTGCATCGCCTACATCCGCATCACGCAGTACCTGGACGCTGGCGGCATCCCACGCACCGCCCAGTCGGAGGAGACCCGTGTCTGGCACCGCCGGGATGGCAAATGGCAGATCGTCCACTTCCACAGATCTGGGGCGCCCTCCGTCCTGCCCCA,WSRNSKPVHTTILNPHIHLMGDESACIAYIRITQYLDAGGIPRTAQSEETRVWHRRDGKWQIVHFHRSGAPSVLPH,150223217,150222989,2,21,WSRNSKPVHTTILNPHIHLMGDESACIAYIRITQYLDAGGIPRTAQSEETRVWHRRDGKWQIVHFHRSGAPSVLP,1,75,150223217,150222991,1,0,TGTGGTCCCGGAACAGCAAGCCCGTGCACACCACCATCCTGAATCCCCACATCCACCTGATGGGCGACGAGTCAGCCTGCATCGCCTACATCCGCATCACGCAGTACCTGGACGCTGGCGGCATCCCACGCACCGCCCAGTCGGAGGAGACCCGTGTCTGGCACCGCCGGGATGGCAAATGGCAGATCGTCCACTTCCACAGATCTGGGGCGCCCTCCGTCCTGCCC
172,homo_sapiens,ENSG00000070808,ENST00000398376,ENSE00003533562,ENSE00003533562_SE_1,1_2,-1,2,18,1,1,2,17,TGTGGTCCCGGAACAGCAAGCCCGTGCACACCACCATCCTGAATCCCCACATCCACCTGATGGGCGACGAGTCAGCCTGCATCGCCTACATCCGCATCACGCAGTACCTGGACGCTGGCGGCATCCCACGCACCGCCCAGTCGGAGGAGACCCGTGTCTGGCACCGCCGGGATGGCAAATGGCAGATCGTCCACTTCCACAGATCTGGGGCGCCCTCCGTCCTGCCCCA,WSRNSKPVHTTILNPHIHLMGDESACIAYIRITQYLDAGGIPRTAQSEETRVWHRRDGKWQIVHFHRSGAPSVLPH,150223217,150222989,2,22,H,76,76,150222990,150222989,0,2,CA
173,homo_sapiens,ENSG00000070808,ENST00000398376,ENSE00001532987/ENSE00001873397,ENSE00001532987_SE_0,0_7,-1,2,19,0,2,0,18,CTGA,*,150222713,150222710,2,23,,1,0,150222713,150222710,2,0,CTGA
174,gorilla_gorilla,ENSGGOG00000000108,ENSGGOT00000000110,ENSGGOE00000001145/ENSGGOE00000335111,ENSGGOE00000001145_SE_21/ENSGGOE00000327505_SE_21,20_0,-1,3,1,20,0,2,0,ATGGCCACCATCACCTGCACCCGCTTCACGGAAGAGTACCAGCTCTTCGAGGAATTGGGCAA,MATITCTRFTEEYQLFEELGK,133984124,133984063,3,1,MATITCTRFTEEYQLFEELGK,1,21,133984124,133984063,0,2,ATGGCCACCATCACCTGCACCCGCTTCACGGAAGAGTACCAGCTCTTCGAGGAATTGGGCAA
175,gorilla_gorilla,ENSGGOG00000000108,ENSGGOT00000000110,ENSGGOE00000001146,ENSGGOE00000001146_SE_20,13_0,-1,3,2,13,2,1,1,GGGAGCCTTCTCGGTGGTGCGAAGGTGTGTGAAGGTGCTGGCCGGCCAGGAGTATGCTGCCAAGATCATCAACACAAAGAAGCTGTCAGCCAGAG,GAFSVVRRCVKVLAGQEYAAKIINTKKLSARD,133967650,133967556,3,2,GA,1,2,133967650,133967644,2,0,GGGAGCC
176,gorilla_gorilla,ENSGGOG00000000108,ENSGGOT00000000110,ENSGGOE00000001146,ENSGGOE00000001146_SE_20,13_1,-1,3,2,13,2,1,1,GGGAGCCTTCTCGGTGGTGCGAAGGTGTGTGAAGGTGCTGGCCGGCCAGGAGTATGCTGCCAAGATCATCAACACAAAGAAGCTGTCAGCCAGAG,GAFSVVRRCVKVLAGQEYAAKIINTKKLSARD,133967650,133967556,3,3,FSVVRRCVKVLAGQEYAAKIINTKKLSARD,3,32,133967643,133967556,0,1,TTCTCGGTGGTGCGAAGGTGTGTGAAGGTGCTGGCCGGCCAGGAGTATGCTGCCAAGATCATCAACACAAAGAAGCTGTCAGCCAGAG
177,gorilla_gorilla,ENSGGOG00000000108,ENSGGOT00000000110,ENSGGOE00000277102,ENSGGOE00000277102_SE_19,21_0,-1,3,3,21,1,1,2,ACCATCAGAAGCTGGAGCGTGAAGCCCGCATCTGCCGCCTGCTGAAGCACCCCAACATCG,HQKLEREARICRLLKHPNIV,133959504,133959445,3,4,HQKLEREARICRLLKHPNIV,1,20,133959504,133959445,1,1,ACCATCAGAAGCTGGAGCGTGAAGCCCGCATCTGCCGCCTGCTGAAGCACCCCAACATCG
178,gorilla_gorilla,ENSGGOG00000000108,ENSGGOT00000000110,ENSGGOE00000001148,ENSGGOE00000001148_SE_18,23_0,-1,3,4,23,1,2,3,TCCGACTACATGACAGCATCTCAGAGGAGGGACACCACTACCTGATCTTCGACCT,RLHDSISEEGHHYLIFDL,133952113,133952059,3,5,RLHDSISEEGHHYLIFDL,1,18,133952113,133952059,1,2,TCCGACTACATGACAGCATCTCAGAGGAGGGACACCACTACCTGATCTTCGACCT
179,gorilla_gorilla,ENSGGOG00000000108,ENSGGOT00000000110,ENSGGOE00000001149,ENSGGOE00000001149_SE_17,19_0,-1,3,5,19,2,2,4,GGTCACTGGTGGGGAACTGTTTGAAGATATCGTGGCCCGGGAGTATTACAGTGAGGCGGATGCCAG,VTGGELFEDIVAREYYSEADAS,133951328,133951263,3,6,VTGGELFEDIVAREYYSEADAS,1,22,133951328,133951263,2,2,GGTCACTGGTGGGGAACTGTTTGAAGATATCGTGGCCCGGGAGTATTACAGTGAGGCGGATGCCAG
180,gorilla_gorilla,ENSGGOG00000000108,ENSGGOT00000000110,ENSGGOE00000234594,ENSGGOE00000234594_SE_16,18_0,-1,3,6,18,2,0,5,TCACTGTATCCAGCAGATCCTGGAGGCTGTGCTGCACTGCCACCAGATGGGGGTGGTGCACCGGGACCTGAAG,HCIQQILEAVLHCHQMGVVHRDLK,133951142,133951070,3,7,HCIQQILEAVLHCHQMGVVHRDLK,1,24,133951142,133951070,2,0,TCACTGTATCCAGCAGATCCTGGAGGCTGTGCTGCACTGCCACCAGATGGGGGTGGTGCACCGGGACCTGAAG
181,gorilla_gorilla,ENSGGOG00000000108,ENSGGOT00000000110,ENSGGOE00000204310,ENSGGOE00000204310_SE_15,10_0,-1,3,7,10,0,1,6,CCTGAGAATCTGTTGCTGGCCTCCAAGCTCAAGGGTGCCGCAGTGAAGCTGGCAGACTTTGGCCTGGCCATAGAGGTGGAGGGGGAGCAGCAGGCATGGTTTG,PENLLLASKLKGAAVKLADFGLAIEVEGEQQAWFG,133948037,133947935,3,8,PENLLLASKLKGAA,1,14,133948037,133947996,0,0,CCTGAGAATCTGTTGCTGGCCTCCAAGCTCAAGGGTGCCGCA
182,gorilla_gorilla,ENSGGOG00000000108,ENSGGOT00000000110,ENSGGOE00000204310,ENSGGOE00000204310_SE_15,10_1,-1,3,7,10,0,1,6,CCTGAGAATCTGTTGCTGGCCTCCAAGCTCAAGGGTGCCGCAGTGAAGCTGGCAGACTTTGGCCTGGCCATAGAGGTGGAGGGGGAGCAGCAGGCATGGTTTG,PENLLLASKLKGAAVKLADFGLAIEVEGEQQAWFG,133948037,133947935,3,9,VKLADFGLAIEVEGEQQA,15,32,133947995,133947942,0,0,GTGAAGCTGGCAGACTTTGGCCTGGCCATAGAGGTGGAGGGGGAGCAGCAGGCA
183,gorilla_gorilla,ENSGGOG00000000108,ENSGGOT00000000110,ENSGGOE00000204310,ENSGGOE00000204310_SE_15,10_2,-1,3,7,10,0,1,6,CCTGAGAATCTGTTGCTGGCCTCCAAGCTCAAGGGTGCCGCAGTGAAGCTGGCAGACTTTGGCCTGGCCATAGAGGTGGAGGGGGAGCAGCAGGCATGGTTTG,PENLLLASKLKGAAVKLADFGLAIEVEGEQQAWFG,133948037,133947935,3,10,WFG,33,35,133947941,133947935,0,1,TGGTTTG
184,gorilla_gorilla,ENSGGOG00000000108,ENSGGOT00000000110,ENSGGOE00000001152,ENSGGOE00000001152_SE_14,17_1,-1,3,8,17,1,1,7,GGTTTGCAGGGACTCCTGGATACCTCTCCCCAGAAGTGCTGCGGAAGGACCCGTACGGGAAGCCTGTGGACCTGTGGGCTTGTG,FAGTPGYLSPEVLRKDPYGKPVDLWACG,133946556,133946473,3,11,FAGTPGYLSPEVLRKDPYGKPVDLWACG,1,28,133946556,133946473,1,1,GGTTTGCAGGGACTCCTGGATACCTCTCCCCAGAAGTGCTGCGGAAGGACCCGTACGGGAAGCCTGTGGACCTGTGGGCTTGTG
185,gorilla_gorilla,ENSGGOG00000000108,ENSGGOT00000000110,ENSGGOE00000001153,ENSGGOE00000001153_SE_13,14_0,-1,3,9,14,1,0,8,GGGTCATCCTGTACATCCTGCTGGTTGGGTACCCCCCGTTCTGGGATGAGGACCAGCACCGCCTGTACCAGCAGATCAAAGCCGGCGCCTATGAT,VILYILLVGYPPFWDEDQHRLYQQIKAGAYD,133946335,133946241,3,12,VILYILLVGYPPFWDEDQHRLYQQIKAGAYD,1,31,133946335,133946241,1,0,GGGTCATCCTGTACATCCTGCTGGTTGGGTACCCCCCGTTCTGGGATGAGGACCAGCACCGCCTGTACCAGCAGATCAAAGCCGGCGCCTATGAT
186,gorilla_gorilla,ENSGGOG00000000108,ENSGGOT00000000110,ENSGGOE00000001154,ENSGGOE00000001154_SE_12,5_2,-1,3,10,5,0,0,9,TTCCCATCTCCGGAATGGGACACTGTCACCCCGGAAGCCAAGGATCTGATCAATAAGATGCTGACCATTAACCCATCCAAACGCATCACAGCTGCCGAAGCCCTTAAGCACCCCTGGATCTCG,FPSPEWDTVTPEAKDLINKMLTINPSKRITAAEALKHPWIS,133945292,133945170,3,13,FPSPEWDTVTPEAKDLINKMLTINPSKRITAAEALKHPWIS,1,41,133945292,133945170,0,0,TTCCCATCTCCGGAATGGGACACTGTCACCCCGGAAGCCAAGGATCTGATCAATAAGATGCTGACCATTAACCCATCCAAACGCATCACAGCTGCCGAAGCCCTTAAGCACCCCTGGATCTCG
187,gorilla_gorilla,ENSGGOG00000000108,ENSGGOT00000000110,ENSGGOE00000001155,ENSGGOE00000001155_SE_11/ENSGGOE00000318931_SE_11,9_0,-1,3,11,9,0,0,10,CACCGATCCACCGTGGCATCCTGCATGCACAGACAGGAGACCGTGGACTGCCTGAAGAAGTTCAATGCCAGGAGGAAACTGAAG,HRSTVASCMHRQETVDCLKKFNARRKLK,133944791,133944708,3,14,HRSTVASCMHRQETVDCLKKFNARRKLK,1,28,133944791,133944708,0,0,CACCGATCCACCGTGGCATCCTGCATGCACAGACAGGAGACCGTGGACTGCCTGAAGAAGTTCAATGCCAGGAGGAAACTGAAG
188,gorilla_gorilla,ENSGGOG00000000108,ENSGGOT00000000110,ENSGGOE00000225991,ENSGGOE00000225991_SE_9,15_0,-1,3,12,15,0,1,11,GGAGCCATTCTCACCACGATGCTGGCCACCAGGAACTTCTCCG,GAILTTMLATRNFSG,133942298,133942256,2,15,GAILTTMLATRNFSG,1,15,133942298,133942256,0,1,GGAGCCATTCTCACCACGATGCTGGCCACCAGGAACTTCTCCG
189,gorilla_gorilla,ENSGGOG00000000108,ENSGGOT00000000110,ENSGGOE00000001159,ENSGGOE00000001159_SE_8/ENSGGOE00000350758_SE_8,7_2,-1,3,13,7,1,0,12,GAGGGAAGAGTGGGGGAAACAAGAAGAGCGATGGTGTGAAG,GKSGGNKKSDGVK,133939694,133939654,3,16,GKSGGNKKSDGVK,1,13,133939694,133939654,1,0,GAGGGAAGAGTGGGGGAAACAAGAAGAGCGATGGTGTGAAG
190,gorilla_gorilla,ENSGGOG00000000108,ENSGGOT00000000110,ENSGGOE00000261794,ENSGGOE00000261794_SE_5,6_1,-1,3,14,6,0,1,13,GAATCCTCAGAGAGCACCAACACTACCATCGAGGATGAAGACACCAAAG,ESSESTNTTIEDEDTKV,133933251,133933203,2,17,ESSESTNTTIEDEDTKV,1,17,133933251,133933203,0,1,GAATCCTCAGAGAGCACCAACACTACCATCGAGGATGAAGACACCAAAG
191,gorilla_gorilla,ENSGGOG00000000108,ENSGGOT00000000110,ENSGGOE00000264707,ENSGGOE00000264707_SE_4,4_2,-1,3,15,4,1,2,14,TGCGGAAACAGGAAATTATAAAAGTGACAGAGCAGCTGATTGAAGCCATAAGCAATGGAGATTTTGAGTCCTACAC,RKQEIIKVTEQLIEAISNGDFESYT,133925902,133925827,3,18,RKQEIIKVTEQLIEAISNGDFESYT,1,25,133925902,133925827,1,2,TGCGGAAACAGGAAATTATAAAAGTGACAGAGCAGCTGATTGAAGCCATAAGCAATGGAGATTTTGAGTCCTACAC
192,gorilla_gorilla,ENSGGOG00000000108,ENSGGOT00000000110,ENSGGOE00000001167,ENSGGOE00000001167_SE_3,12_0,-1,3,16,12,2,1,15,GAAGATGTGCGACCCTGGCATGACAGCCTTCGAACCTGAGGCCCTGGGAAACCTGGTTGAGGGCCTGGACTTCCATCGATTCTATTTTGAAAACC,KMCDPGMTAFEPEALGNLVEGLDFHRFYFENL,133922823,133922729,3,19,KMCDPGMTAFEPEALGNLVEGLDFHRFYFENL,1,32,133922823,133922729,2,1,GAAGATGTGCGACCCTGGCATGACAGCCTTCGAACCTGAGGCCCTGGGAAACCTGGTTGAGGGCCTGGACTTCCATCGATTCTATTTTGAAAACC
193,gorilla_gorilla,ENSGGOG00000000108,ENSGGOT00000000110,ENSGGOE00000001168,ENSGGOE00000001168_SE_2/ENSGGOE00000364239_SE_2,1_1,-1,3,17,1,1,2,16,TGTGGTCCCGGAACAGCAAGCCCGTGCACACCACCATCCTGAATCCCCACATCCACCTGATGGGCGACGAGTCAGCCTGCATCGCCTACATCCGCATCACGCAGTACCTGGACGCTGGCGGCATCCCACGCACCGCCCAGTCGGAGGAGACCCGTGTCTGGCACCGCCGGGACGGCAAATGGCAGATCGTCCACTTCCACAGATCTGGGGCGCCCTCCGTCCTGCCCCA,WSRNSKPVHTTILNPHIHLMGDESACIAYIRITQYLDAGGIPRTAQSEETRVWHRRDGKWQIVHFHRSGAPSVLPH,133917762,133917534,3,20,WSRNSKPVHTTILNPHIHLMGDESACIAYIRITQYLDAGGIPRTAQSEETRVWHRRDGKWQIVHFHRSGAPSVLP,1,75,133917762,133917536,1,0,TGTGGTCCCGGAACAGCAAGCCCGTGCACACCACCATCCTGAATCCCCACATCCACCTGATGGGCGACGAGTCAGCCTGCATCGCCTACATCCGCATCACGCAGTACCTGGACGCTGGCGGCATCCCACGCACCGCCCAGTCGGAGGAGACCCGTGTCTGGCACCGCCGGGACGGCAAATGGCAGATCGTCCACTTCCACAGATCTGGGGCGCCCTCCGTCCTGCCC
194,gorilla_gorilla,ENSGGOG00000000108,ENSGGOT00000000110,ENSGGOE00000001168,ENSGGOE00000001168_SE_2/ENSGGOE00000364239_SE_2,1_2,-1,3,17,1,1,2,16,TGTGGTCCCGGAACAGCAAGCCCGTGCACACCACCATCCTGAATCCCCACATCCACCTGATGGGCGACGAGTCAGCCTGCATCGCCTACATCCGCATCACGCAGTACCTGGACGCTGGCGGCATCCCACGCACCGCCCAGTCGGAGGAGACCCGTGTCTGGCACCGCCGGGACGGCAAATGGCAGATCGTCCACTTCCACAGATCTGGGGCGCCCTCCGTCCTGCCCCA,WSRNSKPVHTTILNPHIHLMGDESACIAYIRITQYLDAGGIPRTAQSEETRVWHRRDGKWQIVHFHRSGAPSVLPH,133917762,133917534,3,21,H,76,76,133917535,133917534,0,2,CA
195,gorilla_gorilla,ENSGGOG00000000108,ENSGGOT00000000110,ENSGGOE00000198966,ENSGGOE00000198966_SE_0,0_8,-1,3,18,0,2,0,17,CTGA,*,133917258,133917255,2,22,,1,0,133917258,133917255,2,0,CTGA
196,gorilla_gorilla,ENSGGOG00000000108,ENSGGOT00000043466,ENSGGOE00000001145/ENSGGOE00000335111,ENSGGOE00000001145_SE_21/ENSGGOE00000327505_SE_21,20_0,-1,3,2,20,0,2,0,ATGGCCACCATCACCTGCACCCGCTTCACGGAAGAGTACCAGCTCTTCGAGGAATTGGGCAA,MATITCTRFTEEYQLFEELGK,133984124,133984063,3,1,MATITCTRFTEEYQLFEELGK,1,21,133984124,133984063,0,2,ATGGCCACCATCACCTGCACCCGCTTCACGGAAGAGTACCAGCTCTTCGAGGAATTGGGCAA
197,gorilla_gorilla,ENSGGOG00000000108,ENSGGOT00000043466,ENSGGOE00000001146,ENSGGOE00000001146_SE_20,13_0,-1,3,3,13,2,1,1,GGGAGCCTTCTCGGTGGTGCGAAGGTGTGTGAAGGTGCTGGCCGGCCAGGAGTATGCTGCCAAGATCATCAACACAAAGAAGCTGTCAGCCAGAG,GAFSVVRRCVKVLAGQEYAAKIINTKKLSARD,133967650,133967556,3,2,GA,1,2,133967650,133967644,2,0,GGGAGCC
198,gorilla_gorilla,ENSGGOG00000000108,ENSGGOT00000043466,ENSGGOE00000001146,ENSGGOE00000001146_SE_20,13_1,-1,3,3,13,2,1,1,GGGAGCCTTCTCGGTGGTGCGAAGGTGTGTGAAGGTGCTGGCCGGCCAGGAGTATGCTGCCAAGATCATCAACACAAAGAAGCTGTCAGCCAGAG,GAFSVVRRCVKVLAGQEYAAKIINTKKLSARD,133967650,133967556,3,3,FSVVRRCVKVLAGQEYAAKIINTKKLSARD,3,32,133967643,133967556,0,1,TTCTCGGTGGTGCGAAGGTGTGTGAAGGTGCTGGCCGGCCAGGAGTATGCTGCCAAGATCATCAACACAAAGAAGCTGTCAGCCAGAG
199,gorilla_gorilla,ENSGGOG00000000108,ENSGGOT00000043466,ENSGGOE00000277102,ENSGGOE00000277102_SE_19,21_0,-1,3,4,21,1,1,2,ACCATCAGAAGCTGGAGCGTGAAGCCCGCATCTGCCGCCTGCTGAAGCACCCCAACATCG,HQKLEREARICRLLKHPNIV,133959504,133959445,3,4,HQKLEREARICRLLKHPNIV,1,20,133959504,133959445,1,1,ACCATCAGAAGCTGGAGCGTGAAGCCCGCATCTGCCGCCTGCTGAAGCACCCCAACATCG
200,gorilla_gorilla,ENSGGOG00000000108,ENSGGOT00000043466,ENSGGOE00000001148,ENSGGOE00000001148_SE_18,23_0,-1,3,5,23,1,2,3,TCCGACTACATGACAGCATCTCAGAGGAGGGACACCACTACCTGATCTTCGACCT,RLHDSISEEGHHYLIFDL,133952113,133952059,3,5,RLHDSISEEGHHYLIFDL,1,18,133952113,133952059,1,2,TCCGACTACATGACAGCATCTCAGAGGAGGGACACCACTACCTGATCTTCGACCT
201,gorilla_gorilla,ENSGGOG00000000108,ENSGGOT00000043466,ENSGGOE00000001149,ENSGGOE00000001149_SE_17,19_0,-1,3,6,19,2,2,4,GGTCACTGGTGGGGAACTGTTTGAAGATATCGTGGCCCGGGAGTATTACAGTGAGGCGGATGCCAG,VTGGELFEDIVAREYYSEADAS,133951328,133951263,3,6,VTGGELFEDIVAREYYSEADAS,1,22,133951328,133951263,2,2,GGTCACTGGTGGGGAACTGTTTGAAGATATCGTGGCCCGGGAGTATTACAGTGAGGCGGATGCCAG
202,gorilla_gorilla,ENSGGOG00000000108,ENSGGOT00000043466,ENSGGOE00000234594,ENSGGOE00000234594_SE_16,18_0,-1,3,7,18,2,0,5,TCACTGTATCCAGCAGATCCTGGAGGCTGTGCTGCACTGCCACCAGATGGGGGTGGTGCACCGGGACCTGAAG,HCIQQILEAVLHCHQMGVVHRDLK,133951142,133951070,3,7,HCIQQILEAVLHCHQMGVVHRDLK,1,24,133951142,133951070,2,0,TCACTGTATCCAGCAGATCCTGGAGGCTGTGCTGCACTGCCACCAGATGGGGGTGGTGCACCGGGACCTGAAG
203,gorilla_gorilla,ENSGGOG00000000108,ENSGGOT00000043466,ENSGGOE00000204310,ENSGGOE00000204310_SE_15,10_0,-1,3,8,10,0,1,6,CCTGAGAATCTGTTGCTGGCCTCCAAGCTCAAGGGTGCCGCAGTGAAGCTGGCAGACTTTGGCCTGGCCATAGAGGTGGAGGGGGAGCAGCAGGCATGGTTTG,PENLLLASKLKGAAVKLADFGLAIEVEGEQQAWFG,133948037,133947935,3,8,PENLLLASKLKGAA,1,14,133948037,133947996,0,0,CCTGAGAATCTGTTGCTGGCCTCCAAGCTCAAGGGTGCCGCA
204,gorilla_gorilla,ENSGGOG00000000108,ENSGGOT00000043466,ENSGGOE00000204310,ENSGGOE00000204310_SE_15,10_1,-1,3,8,10,0,1,6,CCTGAGAATCTGTTGCTGGCCTCCAAGCTCAAGGGTGCCGCAGTGAAGCTGGCAGACTTTGGCCTGGCCATAGAGGTGGAGGGGGAGCAGCAGGCATGGTTTG,PENLLLASKLKGAAVKLADFGLAIEVEGEQQAWFG,133948037,133947935,3,9,VKLADFGLAIEVEGEQQA,15,32,133947995,133947942,0,0,GTGAAGCTGGCAGACTTTGGCCTGGCCATAGAGGTGGAGGGGGAGCAGCAGGCA
205,gorilla_gorilla,ENSGGOG00000000108,ENSGGOT00000043466,ENSGGOE00000204310,ENSGGOE00000204310_SE_15,10_2,-1,3,8,10,0,1,6,CCTGAGAATCTGTTGCTGGCCTCCAAGCTCAAGGGTGCCGCAGTGAAGCTGGCAGACTTTGGCCTGGCCATAGAGGTGGAGGGGGAGCAGCAGGCATGGTTTG,PENLLLASKLKGAAVKLADFGLAIEVEGEQQAWFG,133948037,133947935,3,10,WFG,33,35,133947941,133947935,0,1,TGGTTTG
206,gorilla_gorilla,ENSGGOG00000000108,ENSGGOT00000043466,ENSGGOE00000001152,ENSGGOE00000001152_SE_14,17_1,-1,3,9,17,1,1,7,GGTTTGCAGGGACTCCTGGATACCTCTCCCCAGAAGTGCTGCGGAAGGACCCGTACGGGAAGCCTGTGGACCTGTGGGCTTGTG,FAGTPGYLSPEVLRKDPYGKPVDLWACG,133946556,133946473,3,11,FAGTPGYLSPEVLRKDPYGKPVDLWACG,1,28,133946556,133946473,1,1,GGTTTGCAGGGACTCCTGGATACCTCTCCCCAGAAGTGCTGCGGAAGGACCCGTACGGGAAGCCTGTGGACCTGTGGGCTTGTG
207,gorilla_gorilla,ENSGGOG00000000108,ENSGGOT00000043466,ENSGGOE00000001153,ENSGGOE00000001153_SE_13,14_0,-1,3,10,14,1,0,8,GGGTCATCCTGTACATCCTGCTGGTTGGGTACCCCCCGTTCTGGGATGAGGACCAGCACCGCCTGTACCAGCAGATCAAAGCCGGCGCCTATGAT,VILYILLVGYPPFWDEDQHRLYQQIKAGAYD,133946335,133946241,3,12,VILYILLVGYPPFWDEDQHRLYQQIKAGAYD,1,31,133946335,133946241,1,0,GGGTCATCCTGTACATCCTGCTGGTTGGGTACCCCCCGTTCTGGGATGAGGACCAGCACCGCCTGTACCAGCAGATCAAAGCCGGCGCCTATGAT
208,gorilla_gorilla,ENSGGOG00000000108,ENSGGOT00000043466,ENSGGOE00000001154,ENSGGOE00000001154_SE_12,5_2,-1,3,11,5,0,0,9,TTCCCATCTCCGGAATGGGACACTGTCACCCCGGAAGCCAAGGATCTGATCAATAAGATGCTGACCATTAACCCATCCAAACGCATCACAGCTGCCGAAGCCCTTAAGCACCCCTGGATCTCG,FPSPEWDTVTPEAKDLINKMLTINPSKRITAAEALKHPWIS,133945292,133945170,3,13,FPSPEWDTVTPEAKDLINKMLTINPSKRITAAEALKHPWIS,1,41,133945292,133945170,0,0,TTCCCATCTCCGGAATGGGACACTGTCACCCCGGAAGCCAAGGATCTGATCAATAAGATGCTGACCATTAACCCATCCAAACGCATCACAGCTGCCGAAGCCCTTAAGCACCCCTGGATCTCG
209,gorilla_gorilla,ENSGGOG00000000108,ENSGGOT00000043466,ENSGGOE00000001155,ENSGGOE00000001155_SE_11/ENSGGOE00000318931_SE_11,9_0,-1,3,12,9,0,0,10,CACCGATCCACCGTGGCATCCTGCATGCACAGACAGGAGACCGTGGACTGCCTGAAGAAGTTCAATGCCAGGAGGAAACTGAAG,HRSTVASCMHRQETVDCLKKFNARRKLK,133944791,133944708,3,14,HRSTVASCMHRQETVDCLKKFNARRKLK,1,28,133944791,133944708,0,0,CACCGATCCACCGTGGCATCCTGCATGCACAGACAGGAGACCGTGGACTGCCTGAAGAAGTTCAATGCCAGGAGGAAACTGAAG
210,gorilla_gorilla,ENSGGOG00000000108,ENSGGOT00000043466,ENSGGOE00000225991,ENSGGOE00000225991_SE_9,15_0,-1,3,13,15,0,1,11,GGAGCCATTCTCACCACGATGCTGGCCACCAGGAACTTCTCCG,GAILTTMLATRNFSG,133942298,133942256,2,15,GAILTTMLATRNFSG,1,15,133942298,133942256,0,1,GGAGCCATTCTCACCACGATGCTGGCCACCAGGAACTTCTCCG
211,gorilla_gorilla,ENSGGOG00000000108,ENSGGOT00000043466,ENSGGOE00000001159,ENSGGOE00000001159_SE_8/ENSGGOE00000350758_SE_8,7_2,-1,3,14,7,1,0,12,GAGGGAAGAGTGGGGGAAACAAGAAGAGCGATGGTGTGAAG,GKSGGNKKSDGVK,133939694,133939654,3,16,GKSGGNKKSDGVK,1,13,133939694,133939654,1,0,GAGGGAAGAGTGGGGGAAACAAGAAGAGCGATGGTGTGAAG
212,gorilla_gorilla,ENSGGOG00000000108,ENSGGOT00000043466,ENSGGOE00000001162,ENSGGOE00000001162_SE_6,24_0,-1,3,15,24,0,0,13,AAAAGAAAGTCCAGTTCCAGCGTTCAGTTAATG,KRKSSSSVQLM,133934239,133934207,1,17,KRKSSSSVQLM,1,11,133934239,133934207,0,0,AAAAGAAAGTCCAGTTCCAGCGTTCAGTTAATG
213,gorilla_gorilla,ENSGGOG00000000108,ENSGGOT00000043466,ENSGGOE00000261794,ENSGGOE00000261794_SE_5,6_1,-1,3,16,6,0,1,14,GAATCCTCAGAGAGCACCAACACTACCATCGAGGATGAAGACACCAAAG,ESSESTNTTIEDEDTKV,133933251,133933203,2,18,ESSESTNTTIEDEDTKV,1,17,133933251,133933203,0,1,GAATCCTCAGAGAGCACCAACACTACCATCGAGGATGAAGACACCAAAG
214,gorilla_gorilla,ENSGGOG00000000108,ENSGGOT00000043466,ENSGGOE00000264707,ENSGGOE00000264707_SE_4,4_2,-1,3,17,4,1,2,15,TGCGGAAACAGGAAATTATAAAAGTGACAGAGCAGCTGATTGAAGCCATAAGCAATGGAGATTTTGAGTCCTACAC,RKQEIIKVTEQLIEAISNGDFESYT,133925902,133925827,3,19,RKQEIIKVTEQLIEAISNGDFESYT,1,25,133925902,133925827,1,2,TGCGGAAACAGGAAATTATAAAAGTGACAGAGCAGCTGATTGAAGCCATAAGCAATGGAGATTTTGAGTCCTACAC
215,gorilla_gorilla,ENSGGOG00000000108,ENSGGOT00000043466,ENSGGOE00000001167,ENSGGOE00000001167_SE_3,12_0,-1,3,18,12,2,1,16,GAAGATGTGCGACCCTGGCATGACAGCCTTCGAACCTGAGGCCCTGGGAAACCTGGTTGAGGGCCTGGACTTCCATCGATTCTATTTTGAAAACC,KMCDPGMTAFEPEALGNLVEGLDFHRFYFENL,133922823,133922729,3,20,KMCDPGMTAFEPEALGNLVEGLDFHRFYFENL,1,32,133922823,133922729,2,1,GAAGATGTGCGACCCTGGCATGACAGCCTTCGAACCTGAGGCCCTGGGAAACCTGGTTGAGGGCCTGGACTTCCATCGATTCTATTTTGAAAACC
216,gorilla_gorilla,ENSGGOG00000000108,ENSGGOT00000043466,ENSGGOE00000001168,ENSGGOE00000001168_SE_2/ENSGGOE00000364239_SE_2,1_1,-1,3,19,1,1,2,17,TGTGGTCCCGGAACAGCAAGCCCGTGCACACCACCATCCTGAATCCCCACATCCACCTGATGGGCGACGAGTCAGCCTGCATCGCCTACATCCGCATCACGCAGTACCTGGACGCTGGCGGCATCCCACGCACCGCCCAGTCGGAGGAGACCCGTGTCTGGCACCGCCGGGACGGCAAATGGCAGATCGTCCACTTCCACAGATCTGGGGCGCCCTCCGTCCTGCCCCA,WSRNSKPVHTTILNPHIHLMGDESACIAYIRITQYLDAGGIPRTAQSEETRVWHRRDGKWQIVHFHRSGAPSVLPH,133917762,133917534,3,21,WSRNSKPVHTTILNPHIHLMGDESACIAYIRITQYLDAGGIPRTAQSEETRVWHRRDGKWQIVHFHRSGAPSVLP,1,75,133917762,133917536,1,0,TGTGGTCCCGGAACAGCAAGCCCGTGCACACCACCATCCTGAATCCCCACATCCACCTGATGGGCGACGAGTCAGCCTGCATCGCCTACATCCGCATCACGCAGTACCTGGACGCTGGCGGCATCCCACGCACCGCCCAGTCGGAGGAGACCCGTGTCTGGCACCGCCGGGACGGCAAATGGCAGATCGTCCACTTCCACAGATCTGGGGCGCCCTCCGTCCTGCCC
217,gorilla_gorilla,ENSGGOG00000000108,ENSGGOT00000043466,ENSGGOE00000001168,ENSGGOE00000001168_SE_2/ENSGGOE00000364239_SE_2,1_2,-1,3,19,1,1,2,17,TGTGGTCCCGGAACAGCAAGCCCGTGCACACCACCATCCTGAATCCCCACATCCACCTGATGGGCGACGAGTCAGCCTGCATCGCCTACATCCGCATCACGCAGTACCTGGACGCTGGCGGCATCCCACGCACCGCCCAGTCGGAGGAGACCCGTGTCTGGCACCGCCGGGACGGCAAATGGCAGATCGTCCACTTCCACAGATCTGGGGCGCCCTCCGTCCTGCCCCA,WSRNSKPVHTTILNPHIHLMGDESACIAYIRITQYLDAGGIPRTAQSEETRVWHRRDGKWQIVHFHRSGAPSVLPH,133917762,133917534,3,22,H,76,76,133917535,133917534,0,2,CA
218,gorilla_gorilla,ENSGGOG00000000108,ENSGGOT00000043466,ENSGGOE00000198966,ENSGGOE00000198966_SE_0,0_9,-1,3,20,0,2,0,18,CTGA,*,133917258,133917255,2,23,,1,0,133917258,133917255,2,0,CTGA
219,gorilla_gorilla,ENSGGOG00000000108,ENSGGOT00000044673,ENSGGOE00000327505,ENSGGOE00000001145_SE_21/ENSGGOE00000327505_SE_21,20_0,-1,3,1,20,0,2,0,ATGGCCACCATCACCTGCACCCGCTTCACGGAAGAGTACCAGCTCTTCGAGGAATTGGGCAA,MATITCTRFTEEYQLFEELGK,133984124,133984063,3,1,MATITCTRFTEEYQLFEELGK,1,21,133984124,133984063,0,2,ATGGCCACCATCACCTGCACCCGCTTCACGGAAGAGTACCAGCTCTTCGAGGAATTGGGCAA
220,gorilla_gorilla,ENSGGOG00000000108,ENSGGOT00000044673,ENSGGOE00000001146,ENSGGOE00000001146_SE_20,13_0,-1,3,2,13,2,1,1,GGGAGCCTTCTCGGTGGTGCGAAGGTGTGTGAAGGTGCTGGCCGGCCAGGAGTATGCTGCCAAGATCATCAACACAAAGAAGCTGTCAGCCAGAG,GAFSVVRRCVKVLAGQEYAAKIINTKKLSARD,133967650,133967556,3,2,GA,1,2,133967650,133967644,2,0,GGGAGCC
221,gorilla_gorilla,ENSGGOG00000000108,ENSGGOT00000044673,ENSGGOE00000001146,ENSGGOE00000001146_SE_20,13_1,-1,3,2,13,2,1,1,GGGAGCCTTCTCGGTGGTGCGAAGGTGTGTGAAGGTGCTGGCCGGCCAGGAGTATGCTGCCAAGATCATCAACACAAAGAAGCTGTCAGCCAGAG,GAFSVVRRCVKVLAGQEYAAKIINTKKLSARD,133967650,133967556,3,3,FSVVRRCVKVLAGQEYAAKIINTKKLSARD,3,32,133967643,133967556,0,1,TTCTCGGTGGTGCGAAGGTGTGTGAAGGTGCTGGCCGGCCAGGAGTATGCTGCCAAGATCATCAACACAAAGAAGCTGTCAGCCAGAG
222,gorilla_gorilla,ENSGGOG00000000108,ENSGGOT00000044673,ENSGGOE00000277102,ENSGGOE00000277102_SE_19,21_0,-1,3,3,21,1,1,2,ACCATCAGAAGCTGGAGCGTGAAGCCCGCATCTGCCGCCTGCTGAAGCACCCCAACATCG,HQKLEREARICRLLKHPNIV,133959504,133959445,3,4,HQKLEREARICRLLKHPNIV,1,20,133959504,133959445,1,1,ACCATCAGAAGCTGGAGCGTGAAGCCCGCATCTGCCGCCTGCTGAAGCACCCCAACATCG
223,gorilla_gorilla,ENSGGOG00000000108,ENSGGOT00000044673,ENSGGOE00000001148,ENSGGOE00000001148_SE_18,23_0,-1,3,4,23,1,2,3,TCCGACTACATGACAGCATCTCAGAGGAGGGACACCACTACCTGATCTTCGACCT,RLHDSISEEGHHYLIFDL,133952113,133952059,3,5,RLHDSISEEGHHYLIFDL,1,18,133952113,133952059,1,2,TCCGACTACATGACAGCATCTCAGAGGAGGGACACCACTACCTGATCTTCGACCT
224,gorilla_gorilla,ENSGGOG00000000108,ENSGGOT00000044673,ENSGGOE00000001149,ENSGGOE00000001149_SE_17,19_0,-1,3,5,19,2,2,4,GGTCACTGGTGGGGAACTGTTTGAAGATATCGTGGCCCGGGAGTATTACAGTGAGGCGGATGCCAG,VTGGELFEDIVAREYYSEADAS,133951328,133951263,3,6,VTGGELFEDIVAREYYSEADAS,1,22,133951328,133951263,2,2,GGTCACTGGTGGGGAACTGTTTGAAGATATCGTGGCCCGGGAGTATTACAGTGAGGCGGATGCCAG
225,gorilla_gorilla,ENSGGOG00000000108,ENSGGOT00000044673,ENSGGOE00000234594,ENSGGOE00000234594_SE_16,18_0,-1,3,6,18,2,0,5,TCACTGTATCCAGCAGATCCTGGAGGCTGTGCTGCACTGCCACCAGATGGGGGTGGTGCACCGGGACCTGAAG,HCIQQILEAVLHCHQMGVVHRDLK,133951142,133951070,3,7,HCIQQILEAVLHCHQMGVVHRDLK,1,24,133951142,133951070,2,0,TCACTGTATCCAGCAGATCCTGGAGGCTGTGCTGCACTGCCACCAGATGGGGGTGGTGCACCGGGACCTGAAG
226,gorilla_gorilla,ENSGGOG00000000108,ENSGGOT00000044673,ENSGGOE00000204310,ENSGGOE00000204310_SE_15,10_0,-1,3,7,10,0,1,6,CCTGAGAATCTGTTGCTGGCCTCCAAGCTCAAGGGTGCCGCAGTGAAGCTGGCAGACTTTGGCCTGGCCATAGAGGTGGAGGGGGAGCAGCAGGCATGGTTTG,PENLLLASKLKGAAVKLADFGLAIEVEGEQQAWFG,133948037,133947935,3,8,PENLLLASKLKGAA,1,14,133948037,133947996,0,0,CCTGAGAATCTGTTGCTGGCCTCCAAGCTCAAGGGTGCCGCA
227,gorilla_gorilla,ENSGGOG00000000108,ENSGGOT00000044673,ENSGGOE00000204310,ENSGGOE00000204310_SE_15,10_1,-1,3,7,10,0,1,6,CCTGAGAATCTGTTGCTGGCCTCCAAGCTCAAGGGTGCCGCAGTGAAGCTGGCAGACTTTGGCCTGGCCATAGAGGTGGAGGGGGAGCAGCAGGCATGGTTTG,PENLLLASKLKGAAVKLADFGLAIEVEGEQQAWFG,133948037,133947935,3,9,VKLADFGLAIEVEGEQQA,15,32,133947995,133947942,0,0,GTGAAGCTGGCAGACTTTGGCCTGGCCATAGAGGTGGAGGGGGAGCAGCAGGCA
228,gorilla_gorilla,ENSGGOG00000000108,ENSGGOT00000044673,ENSGGOE00000204310,ENSGGOE00000204310_SE_15,10_2,-1,3,7,10,0,1,6,CCTGAGAATCTGTTGCTGGCCTCCAAGCTCAAGGGTGCCGCAGTGAAGCTGGCAGACTTTGGCCTGGCCATAGAGGTGGAGGGGGAGCAGCAGGCATGGTTTG,PENLLLASKLKGAAVKLADFGLAIEVEGEQQAWFG,133948037,133947935,3,10,WFG,33,35,133947941,133947935,0,1,TGGTTTG
229,gorilla_gorilla,ENSGGOG00000000108,ENSGGOT00000044673,ENSGGOE00000001152,ENSGGOE00000001152_SE_14,17_1,-1,3,8,17,1,1,7,GGTTTGCAGGGACTCCTGGATACCTCTCCCCAGAAGTGCTGCGGAAGGACCCGTACGGGAAGCCTGTGGACCTGTGGGCTTGTG,FAGTPGYLSPEVLRKDPYGKPVDLWACG,133946556,133946473,3,11,FAGTPGYLSPEVLRKDPYGKPVDLWACG,1,28,133946556,133946473,1,1,GGTTTGCAGGGACTCCTGGATACCTCTCCCCAGAAGTGCTGCGGAAGGACCCGTACGGGAAGCCTGTGGACCTGTGGGCTTGTG
230,gorilla_gorilla,ENSGGOG00000000108,ENSGGOT00000044673,ENSGGOE00000001153,ENSGGOE00000001153_SE_13,14_0,-1,3,9,14,1,0,8,GGGTCATCCTGTACATCCTGCTGGTTGGGTACCCCCCGTTCTGGGATGAGGACCAGCACCGCCTGTACCAGCAGATCAAAGCCGGCGCCTATGAT,VILYILLVGYPPFWDEDQHRLYQQIKAGAYD,133946335,133946241,3,12,VILYILLVGYPPFWDEDQHRLYQQIKAGAYD,1,31,133946335,133946241,1,0,GGGTCATCCTGTACATCCTGCTGGTTGGGTACCCCCCGTTCTGGGATGAGGACCAGCACCGCCTGTACCAGCAGATCAAAGCCGGCGCCTATGAT
231,gorilla_gorilla,ENSGGOG00000000108,ENSGGOT00000044673,ENSGGOE00000001154,ENSGGOE00000001154_SE_12,5_2,-1,3,10,5,0,0,9,TTCCCATCTCCGGAATGGGACACTGTCACCCCGGAAGCCAAGGATCTGATCAATAAGATGCTGACCATTAACCCATCCAAACGCATCACAGCTGCCGAAGCCCTTAAGCACCCCTGGATCTCG,FPSPEWDTVTPEAKDLINKMLTINPSKRITAAEALKHPWIS,133945292,133945170,3,13,FPSPEWDTVTPEAKDLINKMLTINPSKRITAAEALKHPWIS,1,41,133945292,133945170,0,0,TTCCCATCTCCGGAATGGGACACTGTCACCCCGGAAGCCAAGGATCTGATCAATAAGATGCTGACCATTAACCCATCCAAACGCATCACAGCTGCCGAAGCCCTTAAGCACCCCTGGATCTCG
232,gorilla_gorilla,ENSGGOG00000000108,ENSGGOT00000044673,ENSGGOE00000318931,ENSGGOE00000001155_SE_11/ENSGGOE00000318931_SE_11,9_0,-1,3,11,9,0,0,10,CACCGATCCACCGTGGCATCCTGCATGCACAGACAGGAGACCGTGGACTGCCTGAAGAAGTTCAATGCCAGGAGGAAACTGAAG,HRSTVASCMHRQETVDCLKKFNARRKLK,133944791,133944708,3,14,HRSTVASCMHRQETVDCLKKFNARRKLK,1,28,133944791,133944708,0,0,CACCGATCCACCGTGGCATCCTGCATGCACAGACAGGAGACCGTGGACTGCCTGAAGAAGTTCAATGCCAGGAGGAAACTGAAG
233,gorilla_gorilla,ENSGGOG00000000108,ENSGGOT00000044673,ENSGGOE00000318931,ENSGGOE00000318931_SE_10,9_1,-1,3,11,9,0,1,11,GTAACAG,VTG,133944707,133944701,1,15,VTG,1,3,133944707,133944701,0,1,GTAACAG
234,gorilla_gorilla,ENSGGOG00000000108,ENSGGOT00000044673,ENSGGOE00000350758,ENSGGOE00000001159_SE_8/ENSGGOE00000350758_SE_8,7_2,-1,3,12,7,1,0,12,GAGGGAAGAGTGGGGGAAACAAGAAGAGCGATGGTGTGAAG,GKSGGNKKSDGVK,133939694,133939654,3,16,GKSGGNKKSDGVK,1,13,133939694,133939654,1,0,GAGGGAAGAGTGGGGGAAACAAGAAGAGCGATGGTGTGAAG
235,gorilla_gorilla,ENSGGOG00000000108,ENSGGOT00000044673,ENSGGOE00000350758,ENSGGOE00000350758_SE_7,0_10,-1,3,12,-7,0,1,13,GTAAGCCCCTCCAGGAGCCTGGCAGGGCTTGGCTCTGGCAGCGTTTCTGCCAACAGAGACCGGCTTTCAG,VSPSRSLAGLGSGSVSANRDRLSV,133939653,133939584,1,17,VSPSRSLAGLGSGSVSANRDRLSV,1,24,133939653,133939584,0,1,GTAAGCCCCTCCAGGAGCCTGGCAGGGCTTGGCTCTGGCAGCGTTTCTGCCAACAGAGACCGGCTTTCAG
236,gorilla_gorilla,ENSGGOG00000000108,ENSGGOT00000044673,ENSGGOE00000264707,ENSGGOE00000264707_SE_4,4_2,-1,3,13,4,1,2,14,TGCGGAAACAGGAAATTATAAAAGTGACAGAGCAGCTGATTGAAGCCATAAGCAATGGAGATTTTGAGTCCTACAC,RKQEIIKVTEQLIEAISNGDFESYT,133925902,133925827,3,18,RKQEIIKVTEQLIEAISNGDFESYT,1,25,133925902,133925827,1,2,TGCGGAAACAGGAAATTATAAAAGTGACAGAGCAGCTGATTGAAGCCATAAGCAATGGAGATTTTGAGTCCTACAC
237,gorilla_gorilla,ENSGGOG00000000108,ENSGGOT00000044673,ENSGGOE00000001167,ENSGGOE00000001167_SE_3,12_0,-1,3,14,12,2,1,15,GAAGATGTGCGACCCTGGCATGACAGCCTTCGAACCTGAGGCCCTGGGAAACCTGGTTGAGGGCCTGGACTTCCATCGATTCTATTTTGAAAACC,KMCDPGMTAFEPEALGNLVEGLDFHRFYFENL,133922823,133922729,3,19,KMCDPGMTAFEPEALGNLVEGLDFHRFYFENL,1,32,133922823,133922729,2,1,GAAGATGTGCGACCCTGGCATGACAGCCTTCGAACCTGAGGCCCTGGGAAACCTGGTTGAGGGCCTGGACTTCCATCGATTCTATTTTGAAAACC
238,gorilla_gorilla,ENSGGOG00000000108,ENSGGOT00000044673,ENSGGOE00000364239,ENSGGOE00000001168_SE_2/ENSGGOE00000364239_SE_2,1_1,-1,3,15,1,1,2,16,TGTGGTCCCGGAACAGCAAGCCCGTGCACACCACCATCCTGAATCCCCACATCCACCTGATGGGCGACGAGTCAGCCTGCATCGCCTACATCCGCATCACGCAGTACCTGGACGCTGGCGGCATCCCACGCACCGCCCAGTCGGAGGAGACCCGTGTCTGGCACCGCCGGGACGGCAAATGGCAGATCGTCCACTTCCACAGATCTGGGGCGCCCTCCGTCCTGCCCCA,WSRNSKPVHTTILNPHIHLMGDESACIAYIRITQYLDAGGIPRTAQSEETRVWHRRDGKWQIVHFHRSGAPSVLPQ,133917762,133917534,3,20,WSRNSKPVHTTILNPHIHLMGDESACIAYIRITQYLDAGGIPRTAQSEETRVWHRRDGKWQIVHFHRSGAPSVLP,1,75,133917762,133917536,1,0,TGTGGTCCCGGAACAGCAAGCCCGTGCACACCACCATCCTGAATCCCCACATCCACCTGATGGGCGACGAGTCAGCCTGCATCGCCTACATCCGCATCACGCAGTACCTGGACGCTGGCGGCATCCCACGCACCGCCCAGTCGGAGGAGACCCGTGTCTGGCACCGCCGGGACGGCAAATGGCAGATCGTCCACTTCCACAGATCTGGGGCGCCCTCCGTCCTGCCC
239,gorilla_gorilla,ENSGGOG00000000108,ENSGGOT00000044673,ENSGGOE00000364239,ENSGGOE00000001168_SE_2/ENSGGOE00000364239_SE_2,1_2,-1,3,15,1,1,2,16,TGTGGTCCCGGAACAGCAAGCCCGTGCACACCACCATCCTGAATCCCCACATCCACCTGATGGGCGACGAGTCAGCCTGCATCGCCTACATCCGCATCACGCAGTACCTGGACGCTGGCGGCATCCCACGCACCGCCCAGTCGGAGGAGACCCGTGTCTGGCACCGCCGGGACGGCAAATGGCAGATCGTCCACTTCCACAGATCTGGGGCGCCCTCCGTCCTGCCCCA,WSRNSKPVHTTILNPHIHLMGDESACIAYIRITQYLDAGGIPRTAQSEETRVWHRRDGKWQIVHFHRSGAPSVLPQ,133917762,133917534,3,21,H,76,76,133917535,133917534,0,2,CA
240,gorilla_gorilla,ENSGGOG00000000108,ENSGGOT00000044673,ENSGGOE00000364239,ENSGGOE00000364239_SE_1,0_11,-1,3,15,1,2,0,17,GTAA,*,133917533,133917530,1,22,,1,0,133917533,133917530,2,0,GTAA
241,macaca_mulatta,ENSMMUG00000011563,ENSMMUT00000016193,ENSMMUE00000257866,ENSMMUE00000257866_SE_23/ENSMMUE00000384746_SE_23,20_0,-1,4,1,20,0,2,0,ATGGCCACCATCACCTGCACCCGCTTCACGGAAGAGTACCAGCTCTTCGAGGAATTGGGCAA,MATITCTRFTEEYQLFEELGK,148423916,148423855,4,1,MATITCTRFTEEYQLFEELGK,1,21,148423916,148423855,0,2,ATGGCCACCATCACCTGCACCCGCTTCACGGAAGAGTACCAGCTCTTCGAGGAATTGGGCAA
242,macaca_mulatta,ENSMMUG00000011563,ENSMMUT00000016193,ENSMMUE00000111798,ENSMMUE00000111798_SE_22,13_0,-1,4,2,13,2,1,1,GGGAGCCTTCTCGGTGGTGCGAAGGTGTGTGAAGGTGCTGGCCGGCCAGGAGTATGCTGCCAAGATCATCAACACCAAGAAGCTGTCAGCCAGAG,GAFSVVRRCVKVLAGQEYAAKIINTKKLSARD,148407395,148407301,4,2,GA,1,2,148407395,148407389,2,0,GGGAGCC
243,macaca_mulatta,ENSMMUG00000011563,ENSMMUT00000016193,ENSMMUE00000111798,ENSMMUE00000111798_SE_22,13_1,-1,4,2,13,2,1,1,GGGAGCCTTCTCGGTGGTGCGAAGGTGTGTGAAGGTGCTGGCCGGCCAGGAGTATGCTGCCAAGATCATCAACACCAAGAAGCTGTCAGCCAGAG,GAFSVVRRCVKVLAGQEYAAKIINTKKLSARD,148407395,148407301,4,3,FSVVRRCVKVLAGQEYAAKIINTKKLSARD,3,32,148407388,148407301,0,1,TTCTCGGTGGTGCGAAGGTGTGTGAAGGTGCTGGCCGGCCAGGAGTATGCTGCCAAGATCATCAACACCAAGAAGCTGTCAGCCAGAG
244,macaca_mulatta,ENSMMUG00000011563,ENSMMUT00000016193,ENSMMUE00000111799,ENSMMUE00000111799_SE_21,21_0,-1,4,3,21,1,1,2,ACCATCAGAAGCTGGAGCGTGAAGCCCGCATCTGCCGCCTGCTGAAGCACCCCAACATTG,HQKLEREARICRLLKHPNIV,148399510,148399451,4,4,HQKLEREARICRLLKHPNIV,1,20,148399510,148399451,1,1,ACCATCAGAAGCTGGAGCGTGAAGCCCGCATCTGCCGCCTGCTGAAGCACCCCAACATTG
245,macaca_mulatta,ENSMMUG00000011563,ENSMMUT00000016193,ENSMMUE00000111802,ENSMMUE00000111802_SE_20,23_0,-1,4,4,23,1,2,3,TCCGACTCCATGACAGCATCTCAGAGGAGGGACACCACTACCTGATCTTCGACCT,RLHDSISEEGHHYLIFDL,148391884,148391830,4,5,RLHDSISEEGHHYLIFDL,1,18,148391884,148391830,1,2,TCCGACTCCATGACAGCATCTCAGAGGAGGGACACCACTACCTGATCTTCGACCT
246,macaca_mulatta,ENSMMUG00000011563,ENSMMUT00000016193,ENSMMUE00000111805,ENSMMUE00000111805_SE_19,19_0,-1,4,5,19,2,2,4,GGTCACTGGTGGGGAACTGTTTGAAGATATCGTGGCCCGGGAGTATTACAGTGAGGCGGATGCCAG,VTGGELFEDIVAREYYSEADAS,148391098,148391033,4,6,VTGGELFEDIVAREYYSEADAS,1,22,148391098,148391033,2,2,GGTCACTGGTGGGGAACTGTTTGAAGATATCGTGGCCCGGGAGTATTACAGTGAGGCGGATGCCAG
247,macaca_mulatta,ENSMMUG00000011563,ENSMMUT00000016193,ENSMMUE00000111808,ENSMMUE00000111808_SE_18,18_0,-1,4,6,18,2,0,5,TCACTGTATCCAGCAGATCCTGGAGGCTGTGCTGCACTGCCACCAGATGGGGGTGGTGCACCGGGACCTGAAG,HCIQQILEAVLHCHQMGVVHRDLK,148390912,148390840,4,7,HCIQQILEAVLHCHQMGVVHRDLK,1,24,148390912,148390840,2,0,TCACTGTATCCAGCAGATCCTGGAGGCTGTGCTGCACTGCCACCAGATGGGGGTGGTGCACCGGGACCTGAAG
248,macaca_mulatta,ENSMMUG00000011563,ENSMMUT00000016193,ENSMMUE00000111810,ENSMMUE00000111810_SE_17,10_0,-1,4,7,10,0,1,6,CCTGAGAATCTGTTGCTGGCCTCCAAGCTCAAGGGTGCCGCAGTGAAGCTGGCAGACTTTGGCCTGGCCATAGAGGTGGAGGGGGAGCAGCAGGCATGGTTTG,PENLLLASKLKGAAVKLADFGLAIEVEGEQQAWFG,148387811,148387709,4,8,PENLLLASKLKGAA,1,14,148387811,148387770,0,0,CCTGAGAATCTGTTGCTGGCCTCCAAGCTCAAGGGTGCCGCA
249,macaca_mulatta,ENSMMUG00000011563,ENSMMUT00000016193,ENSMMUE00000111810,ENSMMUE00000111810_SE_17,10_1,-1,4,7,10,0,1,6,CCTGAGAATCTGTTGCTGGCCTCCAAGCTCAAGGGTGCCGCAGTGAAGCTGGCAGACTTTGGCCTGGCCATAGAGGTGGAGGGGGAGCAGCAGGCATGGTTTG,PENLLLASKLKGAAVKLADFGLAIEVEGEQQAWFG,148387811,148387709,4,9,VKLADFGLAIEVEGEQQA,15,32,148387769,148387716,0,0,GTGAAGCTGGCAGACTTTGGCCTGGCCATAGAGGTGGAGGGGGAGCAGCAGGCA
250,macaca_mulatta,ENSMMUG00000011563,ENSMMUT00000016193,ENSMMUE00000111810,ENSMMUE00000111810_SE_17,10_2,-1,4,7,10,0,1,6,CCTGAGAATCTGTTGCTGGCCTCCAAGCTCAAGGGTGCCGCAGTGAAGCTGGCAGACTTTGGCCTGGCCATAGAGGTGGAGGGGGAGCAGCAGGCATGGTTTG,PENLLLASKLKGAAVKLADFGLAIEVEGEQQAWFG,148387811,148387709,4,10,WFG,33,35,148387715,148387709,0,1,TGGTTTG
251,macaca_mulatta,ENSMMUG00000011563,ENSMMUT00000016193,ENSMMUE00000111812,ENSMMUE00000111812_SE_16,17_1,-1,4,8,17,1,1,7,GGTTTGCAGGGACTCCTGGATACCTCTCCCCAGAAGTGCTGCGGAAGGACCCATACGGGAAGCCTGTGGACCTGTGGGCTTGTG,FAGTPGYLSPEVLRKDPYGKPVDLWACG,148386333,148386250,4,11,FAGTPGYLSPEVLRKDPYGKPVDLWACG,1,28,148386333,148386250,1,1,GGTTTGCAGGGACTCCTGGATACCTCTCCCCAGAAGTGCTGCGGAAGGACCCATACGGGAAGCCTGTGGACCTGTGGGCTTGTG
252,macaca_mulatta,ENSMMUG00000011563,ENSMMUT00000016193,ENSMMUE00000111814,ENSMMUE00000111814_SE_15,14_0,-1,4,9,14,1,0,8,GGGTCATCCTGTACATCCTGCTGGTTGGGTACCCCCCATTCTGGGATGAGGACCAGCACCGCCTGTACCAGCAGATCAAAGCCGGCGCCTATGAT,VILYILLVGYPPFWDEDQHRLYQQIKAGAYD,148386112,148386018,4,12,VILYILLVGYPPFWDEDQHRLYQQIKAGAYD,1,31,148386112,148386018,1,0,GGGTCATCCTGTACATCCTGCTGGTTGGGTACCCCCCATTCTGGGATGAGGACCAGCACCGCCTGTACCAGCAGATCAAAGCCGGCGCCTATGAT
253,macaca_mulatta,ENSMMUG00000011563,ENSMMUT00000016193,ENSMMUE00000111815,ENSMMUE00000111815_SE_14,5_2,-1,4,10,5,0,0,9,TTCCCATCACCAGAATGGGACACCGTCACCCCGGAAGCCAAGGATCTGATCAATAAGATGCTGACCATTAACCCATCCAAACGCATCACAGCTGCTGAAGCCCTTAAGCACCCCTGGATCTCG,FPSPEWDTVTPEAKDLINKMLTINPSKRITAAEALKHPWIS,148385065,148384943,4,13,FPSPEWDTVTPEAKDLINKMLTINPSKRITAAEALKHPWIS,1,41,148385065,148384943,0,0,TTCCCATCACCAGAATGGGACACCGTCACCCCGGAAGCCAAGGATCTGATCAATAAGATGCTGACCATTAACCCATCCAAACGCATCACAGCTGCTGAAGCCCTTAAGCACCCCTGGATCTCG
254,macaca_mulatta,ENSMMUG00000011563,ENSMMUT00000016193,ENSMMUE00000111818,ENSMMUE00000111818_SE_13,9_0,-1,4,11,9,0,0,10,CACCGCTCCACCGTGGCATCCTGCATGCACAGACAGGAGACCGTGGACTGCCTGAAGAAGTTCAATGCCAGGAGGAAACTGAAG,HRSTVASCMHRQETVDCLKKFNARRKLK,148384564,148384481,4,14,HRSTVASCMHRQETVDCLKKFNARRKLK,1,28,148384564,148384481,0,0,CACCGCTCCACCGTGGCATCCTGCATGCACAGACAGGAGACCGTGGACTGCCTGAAGAAGTTCAATGCCAGGAGGAAACTGAAG
255,macaca_mulatta,ENSMMUG00000011563,ENSMMUT00000016193,ENSMMUE00000111820,ENSMMUE00000111820_SE_12/ENSMMUE00000350864_SE_12,15_0,-1,4,12,15,0,1,11,GGAGCCATTCTCACCACGATGCTGGCCACCAGGAACTTCTCCG,GAILTTMLATRNFSG,148382639,148382597,4,15,GAILTTMLATRNFSG,1,15,148382639,148382597,0,1,GGAGCCATTCTCACCACGATGCTGGCCACCAGGAACTTCTCCG
256,macaca_mulatta,ENSMMUG00000011563,ENSMMUT00000016193,ENSMMUE00000375041,ENSMMUE00000111823_SE_10/ENSMMUE00000375041_SE_10,7_2,-1,4,13,7,1,0,12,GAGGGAAGAGTGGGGGAAACAAGAAGAGCGATGGTGTGAAG,GKSGGNKKSDGVK,148380021,148379981,2,16,GKSGGNKKSDGVK,1,13,148380021,148379981,1,0,GAGGGAAGAGTGGGGGAAACAAGAAGAGCGATGGTGTGAAG
257,macaca_mulatta,ENSMMUG00000011563,ENSMMUT00000016193,ENSMMUE00000375041,ENSMMUE00000375041_SE_9,7_3,-1,4,13,7,0,0,13,GTAAGCCCCTCCAGGAGCCTG,VSPSRSL,148379980,148379960,1,17,VSPSRSL,1,7,148379980,148379960,0,0,GTAAGCCCCTCCAGGAGCCTG
258,macaca_mulatta,ENSMMUG00000011563,ENSMMUT00000016193,ENSMMUE00000111824,ENSMMUE00000111824_SE_6/ENSMMUE00000415818_SE_6,6_1,-1,4,14,6,0,1,14,GAATCCTCAGAGAGCACCAACACCACCATCGAGGATGAAGACACCAAAG,ESSESTNTTIEDEDTKV,148373725,148373677,3,18,ESSESTNTTIEDEDTKV,1,17,148373725,148373677,0,1,GAATCCTCAGAGAGCACCAACACCACCATCGAGGATGAAGACACCAAAG
259,macaca_mulatta,ENSMMUG00000011563,ENSMMUT00000016193,ENSMMUE00000111827,ENSMMUE00000111827_SE_4/ENSMMUE00000329667_SE_4,4_2,-1,4,15,4,1,2,15,TGCGGAAACAGGAAATTATAAAAGTGACAGAGCAGCTGATTGAAGCCATAAGCAATGGAGATTTTGAGTCCTACAC,RKQEIIKVTEQLIEAISNGDFESYT,148366315,148366240,4,19,RKQEIIKVTEQLIEAISNGDFESYT,1,25,148366315,148366240,1,2,TGCGGAAACAGGAAATTATAAAAGTGACAGAGCAGCTGATTGAAGCCATAAGCAATGGAGATTTTGAGTCCTACAC
260,macaca_mulatta,ENSMMUG00000011563,ENSMMUT00000016193,ENSMMUE00000111828,ENSMMUE00000111828_SE_3,12_0,-1,4,16,12,2,1,16,GAAGATGTGCGACCCTGGCATGACAGCCTTCGAACCTGAGGCCCTGGGGAACCTGGTTGAGGGCCTGGACTTCCATCGATTCTATTTTGAAAACC,KMCDPGMTAFEPEALGNLVEGLDFHRFYFENL,148363259,148363165,4,20,KMCDPGMTAFEPEALGNLVEGLDFHRFYFENL,1,32,148363259,148363165,2,1,GAAGATGTGCGACCCTGGCATGACAGCCTTCGAACCTGAGGCCCTGGGGAACCTGGTTGAGGGCCTGGACTTCCATCGATTCTATTTTGAAAACC
261,macaca_mulatta,ENSMMUG00000011563,ENSMMUT00000016193,ENSMMUE00000371706,ENSMMUE00000371706_SE_2/ENSMMUE00000419335_SE_2,1_1,-1,4,17,1,1,2,17,TGTGGTCCCGGAACAGCAAGCCCGTGCACACCACCATCCTGAATCCCCACATCCACCTGATGGGCGACGAGTCAGCCTGCATCGCCTACATCCGCATCACGCAGTACCTGGACGCCGGCGGCATCCCACGCACCGCCCAGTCGGAGGAGACCCGTGTCTGGCACCGCCGGGACGGCAAATGGCAGATCGTCCACTTCCACAGATCTGGGGCGCCCTCCGTCCTGCCCCA,WSRNSKPVHTTILNPHIHLMGDESACIAYIRITQYLDAGGIPRTAQSEETRVWHRRDGKWQIVHFHRSGAPSVLPQ,148358167,148357939,4,21,WSRNSKPVHTTILNPHIHLMGDESACIAYIRITQYLDAGGIPRTAQSEETRVWHRRDGKWQIVHFHRSGAPSVLP,1,75,148358167,148357941,1,0,TGTGGTCCCGGAACAGCAAGCCCGTGCACACCACCATCCTGAATCCCCACATCCACCTGATGGGCGACGAGTCAGCCTGCATCGCCTACATCCGCATCACGCAGTACCTGGACGCCGGCGGCATCCCACGCACCGCCCAGTCGGAGGAGACCCGTGTCTGGCACCGCCGGGACGGCAAATGGCAGATCGTCCACTTCCACAGATCTGGGGCGCCCTCCGTCCTGCCC
262,macaca_mulatta,ENSMMUG00000011563,ENSMMUT00000016193,ENSMMUE00000371706,ENSMMUE00000371706_SE_2/ENSMMUE00000419335_SE_2,1_2,-1,4,17,1,1,2,17,TGTGGTCCCGGAACAGCAAGCCCGTGCACACCACCATCCTGAATCCCCACATCCACCTGATGGGCGACGAGTCAGCCTGCATCGCCTACATCCGCATCACGCAGTACCTGGACGCCGGCGGCATCCCACGCACCGCCCAGTCGGAGGAGACCCGTGTCTGGCACCGCCGGGACGGCAAATGGCAGATCGTCCACTTCCACAGATCTGGGGCGCCCTCCGTCCTGCCCCA,WSRNSKPVHTTILNPHIHLMGDESACIAYIRITQYLDAGGIPRTAQSEETRVWHRRDGKWQIVHFHRSGAPSVLPQ,148358167,148357939,4,22,Q,76,76,148357940,148357939,0,2,CA
263,macaca_mulatta,ENSMMUG00000011563,ENSMMUT00000016193,ENSMMUE00000371706,ENSMMUE00000371706_SE_1,0_12,-1,4,17,1,2,0,18,GTAA,*,148357938,148357935,3,23,,1,0,148357938,148357935,2,0,GTAA
264,macaca_mulatta,ENSMMUG00000011563,ENSMMUT00000040833,ENSMMUE00000257866,ENSMMUE00000257866_SE_23/ENSMMUE00000384746_SE_23,20_0,-1,4,1,20,0,2,0,ATGGCCACCATCACCTGCACCCGCTTCACGGAAGAGTACCAGCTCTTCGAGGAATTGGGCAA,MATITCTRFTEEYQLFEELGK,148423916,148423855,4,1,MATITCTRFTEEYQLFEELGK,1,21,148423916,148423855,0,2,ATGGCCACCATCACCTGCACCCGCTTCACGGAAGAGTACCAGCTCTTCGAGGAATTGGGCAA
265,macaca_mulatta,ENSMMUG00000011563,ENSMMUT00000040833,ENSMMUE00000111798,ENSMMUE00000111798_SE_22,13_0,-1,4,2,13,2,1,1,GGGAGCCTTCTCGGTGGTGCGAAGGTGTGTGAAGGTGCTGGCCGGCCAGGAGTATGCTGCCAAGATCATCAACACCAAGAAGCTGTCAGCCAGAG,GAFSVVRRCVKVLAGQEYAAKIINTKKLSARD,148407395,148407301,4,2,GA,1,2,148407395,148407389,2,0,GGGAGCC
266,macaca_mulatta,ENSMMUG00000011563,ENSMMUT00000040833,ENSMMUE00000111798,ENSMMUE00000111798_SE_22,13_1,-1,4,2,13,2,1,1,GGGAGCCTTCTCGGTGGTGCGAAGGTGTGTGAAGGTGCTGGCCGGCCAGGAGTATGCTGCCAAGATCATCAACACCAAGAAGCTGTCAGCCAGAG,GAFSVVRRCVKVLAGQEYAAKIINTKKLSARD,148407395,148407301,4,3,FSVVRRCVKVLAGQEYAAKIINTKKLSARD,3,32,148407388,148407301,0,1,TTCTCGGTGGTGCGAAGGTGTGTGAAGGTGCTGGCCGGCCAGGAGTATGCTGCCAAGATCATCAACACCAAGAAGCTGTCAGCCAGAG
267,macaca_mulatta,ENSMMUG00000011563,ENSMMUT00000040833,ENSMMUE00000111799,ENSMMUE00000111799_SE_21,21_0,-1,4,3,21,1,1,2,ACCATCAGAAGCTGGAGCGTGAAGCCCGCATCTGCCGCCTGCTGAAGCACCCCAACATTG,HQKLEREARICRLLKHPNIV,148399510,148399451,4,4,HQKLEREARICRLLKHPNIV,1,20,148399510,148399451,1,1,ACCATCAGAAGCTGGAGCGTGAAGCCCGCATCTGCCGCCTGCTGAAGCACCCCAACATTG
268,macaca_mulatta,ENSMMUG00000011563,ENSMMUT00000040833,ENSMMUE00000111802,ENSMMUE00000111802_SE_20,23_0,-1,4,4,23,1,2,3,TCCGACTCCATGACAGCATCTCAGAGGAGGGACACCACTACCTGATCTTCGACCT,RLHDSISEEGHHYLIFDL,148391884,148391830,4,5,RLHDSISEEGHHYLIFDL,1,18,148391884,148391830,1,2,TCCGACTCCATGACAGCATCTCAGAGGAGGGACACCACTACCTGATCTTCGACCT
269,macaca_mulatta,ENSMMUG00000011563,ENSMMUT00000040833,ENSMMUE00000111805,ENSMMUE00000111805_SE_19,19_0,-1,4,5,19,2,2,4,GGTCACTGGTGGGGAACTGTTTGAAGATATCGTGGCCCGGGAGTATTACAGTGAGGCGGATGCCAG,VTGGELFEDIVAREYYSEADAS,148391098,148391033,4,6,VTGGELFEDIVAREYYSEADAS,1,22,148391098,148391033,2,2,GGTCACTGGTGGGGAACTGTTTGAAGATATCGTGGCCCGGGAGTATTACAGTGAGGCGGATGCCAG
270,macaca_mulatta,ENSMMUG00000011563,ENSMMUT00000040833,ENSMMUE00000111808,ENSMMUE00000111808_SE_18,18_0,-1,4,6,18,2,0,5,TCACTGTATCCAGCAGATCCTGGAGGCTGTGCTGCACTGCCACCAGATGGGGGTGGTGCACCGGGACCTGAAG,HCIQQILEAVLHCHQMGVVHRDLK,148390912,148390840,4,7,HCIQQILEAVLHCHQMGVVHRDLK,1,24,148390912,148390840,2,0,TCACTGTATCCAGCAGATCCTGGAGGCTGTGCTGCACTGCCACCAGATGGGGGTGGTGCACCGGGACCTGAAG
271,macaca_mulatta,ENSMMUG00000011563,ENSMMUT00000040833,ENSMMUE00000111810,ENSMMUE00000111810_SE_17,10_0,-1,4,7,10,0,1,6,CCTGAGAATCTGTTGCTGGCCTCCAAGCTCAAGGGTGCCGCAGTGAAGCTGGCAGACTTTGGCCTGGCCATAGAGGTGGAGGGGGAGCAGCAGGCATGGTTTG,PENLLLASKLKGAAVKLADFGLAIEVEGEQQAWFG,148387811,148387709,4,8,PENLLLASKLKGAA,1,14,148387811,148387770,0,0,CCTGAGAATCTGTTGCTGGCCTCCAAGCTCAAGGGTGCCGCA
272,macaca_mulatta,ENSMMUG00000011563,ENSMMUT00000040833,ENSMMUE00000111810,ENSMMUE00000111810_SE_17,10_1,-1,4,7,10,0,1,6,CCTGAGAATCTGTTGCTGGCCTCCAAGCTCAAGGGTGCCGCAGTGAAGCTGGCAGACTTTGGCCTGGCCATAGAGGTGGAGGGGGAGCAGCAGGCATGGTTTG,PENLLLASKLKGAAVKLADFGLAIEVEGEQQAWFG,148387811,148387709,4,9,VKLADFGLAIEVEGEQQA,15,32,148387769,148387716,0,0,GTGAAGCTGGCAGACTTTGGCCTGGCCATAGAGGTGGAGGGGGAGCAGCAGGCA
273,macaca_mulatta,ENSMMUG00000011563,ENSMMUT00000040833,ENSMMUE00000111810,ENSMMUE00000111810_SE_17,10_2,-1,4,7,10,0,1,6,CCTGAGAATCTGTTGCTGGCCTCCAAGCTCAAGGGTGCCGCAGTGAAGCTGGCAGACTTTGGCCTGGCCATAGAGGTGGAGGGGGAGCAGCAGGCATGGTTTG,PENLLLASKLKGAAVKLADFGLAIEVEGEQQAWFG,148387811,148387709,4,10,WFG,33,35,148387715,148387709,0,1,TGGTTTG
274,macaca_mulatta,ENSMMUG00000011563,ENSMMUT00000040833,ENSMMUE00000111812,ENSMMUE00000111812_SE_16,17_1,-1,4,8,17,1,1,7,GGTTTGCAGGGACTCCTGGATACCTCTCCCCAGAAGTGCTGCGGAAGGACCCATACGGGAAGCCTGTGGACCTGTGGGCTTGTG,FAGTPGYLSPEVLRKDPYGKPVDLWACG,148386333,148386250,4,11,FAGTPGYLSPEVLRKDPYGKPVDLWACG,1,28,148386333,148386250,1,1,GGTTTGCAGGGACTCCTGGATACCTCTCCCCAGAAGTGCTGCGGAAGGACCCATACGGGAAGCCTGTGGACCTGTGGGCTTGTG
275,macaca_mulatta,ENSMMUG00000011563,ENSMMUT00000040833,ENSMMUE00000111814,ENSMMUE00000111814_SE_15,14_0,-1,4,9,14,1,0,8,GGGTCATCCTGTACATCCTGCTGGTTGGGTACCCCCCATTCTGGGATGAGGACCAGCACCGCCTGTACCAGCAGATCAAAGCCGGCGCCTATGAT,VILYILLVGYPPFWDEDQHRLYQQIKAGAYD,148386112,148386018,4,12,VILYILLVGYPPFWDEDQHRLYQQIKAGAYD,1,31,148386112,148386018,1,0,GGGTCATCCTGTACATCCTGCTGGTTGGGTACCCCCCATTCTGGGATGAGGACCAGCACCGCCTGTACCAGCAGATCAAAGCCGGCGCCTATGAT
276,macaca_mulatta,ENSMMUG00000011563,ENSMMUT00000040833,ENSMMUE00000111815,ENSMMUE00000111815_SE_14,5_2,-1,4,10,5,0,0,9,TTCCCATCACCAGAATGGGACACCGTCACCCCGGAAGCCAAGGATCTGATCAATAAGATGCTGACCATTAACCCATCCAAACGCATCACAGCTGCTGAAGCCCTTAAGCACCCCTGGATCTCG,FPSPEWDTVTPEAKDLINKMLTINPSKRITAAEALKHPWIS,148385065,148384943,4,13,FPSPEWDTVTPEAKDLINKMLTINPSKRITAAEALKHPWIS,1,41,148385065,148384943,0,0,TTCCCATCACCAGAATGGGACACCGTCACCCCGGAAGCCAAGGATCTGATCAATAAGATGCTGACCATTAACCCATCCAAACGCATCACAGCTGCTGAAGCCCTTAAGCACCCCTGGATCTCG
277,macaca_mulatta,ENSMMUG00000011563,ENSMMUT00000040833,ENSMMUE00000111818,ENSMMUE00000111818_SE_13,9_0,-1,4,11,9,0,0,10,CACCGCTCCACCGTGGCATCCTGCATGCACAGACAGGAGACCGTGGACTGCCTGAAGAAGTTCAATGCCAGGAGGAAACTGAAG,HRSTVASCMHRQETVDCLKKFNARRKLK,148384564,148384481,4,14,HRSTVASCMHRQETVDCLKKFNARRKLK,1,28,148384564,148384481,0,0,CACCGCTCCACCGTGGCATCCTGCATGCACAGACAGGAGACCGTGGACTGCCTGAAGAAGTTCAATGCCAGGAGGAAACTGAAG
278,macaca_mulatta,ENSMMUG00000011563,ENSMMUT00000040833,ENSMMUE00000350864,ENSMMUE00000111820_SE_12/ENSMMUE00000350864_SE_12,15_0,-1,4,12,15,0,1,11,GGAGCCATTCTCACCACGATGCTGGCCACCAGGAACTTCTCCG,GAILTTMLATRNFSG,148382639,148382597,4,15,GAILTTMLATRNFSG,1,15,148382639,148382597,0,1,GGAGCCATTCTCACCACGATGCTGGCCACCAGGAACTTCTCCG
279,macaca_mulatta,ENSMMUG00000011563,ENSMMUT00000040833,ENSMMUE00000350864,ENSMMUE00000350864_SE_11,0_15,-1,4,12,-15,1,0,12,GTAGGTGGCAGGACCTTGGGGTCCCCAGTAAGCCCTGCACCAGTTCACTGGGG,RWQDLGVPSKPCTSSLG,148382596,148382544,2,16,RWQDLGVPSKPCTSSLG,1,17,148382596,148382544,1,0,GTAGGTGGCAGGACCTTGGGGTCCCCAGTAAGCCCTGCACCAGTTCACTGGGG
280,macaca_mulatta,ENSMMUG00000011563,ENSMMUT00000040833,ENSMMUE00000329667,ENSMMUE00000329667_SE_5,4_1,-1,4,13,4,0,1,13,TTGGTGCTTCATTACCATCACTATTATTATTACTATTTCTGTGTCCCCTTCTGCCTTACAG,LVLHYHHYYYYYFCVPFCLTV,148366376,148366316,1,17,LVLHYHHYYYYYFCVPFCLTV,1,21,148366376,148366316,0,1,TTGGTGCTTCATTACCATCACTATTATTATTACTATTTCTGTGTCCCCTTCTGCCTTACAG
281,macaca_mulatta,ENSMMUG00000011563,ENSMMUT00000040833,ENSMMUE00000329667,ENSMMUE00000111827_SE_4/ENSMMUE00000329667_SE_4,4_2,-1,4,13,4,1,2,14,TGCGGAAACAGGAAATTATAAAAGTGACAGAGCAGCTGATTGAAGCCATAAGCAATGGAGATTTTGAGTCCTACAC,RKQEIIKVTEQLIEAISNGDFESYT,148366315,148366240,4,18,RKQEIIKVTEQLIEAISNGDFESYT,1,25,148366315,148366240,1,2,TGCGGAAACAGGAAATTATAAAAGTGACAGAGCAGCTGATTGAAGCCATAAGCAATGGAGATTTTGAGTCCTACAC
282,macaca_mulatta,ENSMMUG00000011563,ENSMMUT00000040833,ENSMMUE00000111828,ENSMMUE00000111828_SE_3,12_0,-1,4,14,12,2,1,15,GAAGATGTGCGACCCTGGCATGACAGCCTTCGAACCTGAGGCCCTGGGGAACCTGGTTGAGGGCCTGGACTTCCATCGATTCTATTTTGAAAACC,KMCDPGMTAFEPEALGNLVEGLDFHRFYFENL,148363259,148363165,4,19,KMCDPGMTAFEPEALGNLVEGLDFHRFYFENL,1,32,148363259,148363165,2,1,GAAGATGTGCGACCCTGGCATGACAGCCTTCGAACCTGAGGCCCTGGGGAACCTGGTTGAGGGCCTGGACTTCCATCGATTCTATTTTGAAAACC
283,macaca_mulatta,ENSMMUG00000011563,ENSMMUT00000040833,ENSMMUE00000371706,ENSMMUE00000371706_SE_2/ENSMMUE00000419335_SE_2,1_1,-1,4,15,1,1,2,16,TGTGGTCCCGGAACAGCAAGCCCGTGCACACCACCATCCTGAATCCCCACATCCACCTGATGGGCGACGAGTCAGCCTGCATCGCCTACATCCGCATCACGCAGTACCTGGACGCCGGCGGCATCCCACGCACCGCCCAGTCGGAGGAGACCCGTGTCTGGCACCGCCGGGACGGCAAATGGCAGATCGTCCACTTCCACAGATCTGGGGCGCCCTCCGTCCTGCCCCA,WSRNSKPVHTTILNPHIHLMGDESACIAYIRITQYLDAGGIPRTAQSEETRVWHRRDGKWQIVHFHRSGAPSVLPQ,148358167,148357939,4,20,WSRNSKPVHTTILNPHIHLMGDESACIAYIRITQYLDAGGIPRTAQSEETRVWHRRDGKWQIVHFHRSGAPSVLP,1,75,148358167,148357941,1,0,TGTGGTCCCGGAACAGCAAGCCCGTGCACACCACCATCCTGAATCCCCACATCCACCTGATGGGCGACGAGTCAGCCTGCATCGCCTACATCCGCATCACGCAGTACCTGGACGCCGGCGGCATCCCACGCACCGCCCAGTCGGAGGAGACCCGTGTCTGGCACCGCCGGGACGGCAAATGGCAGATCGTCCACTTCCACAGATCTGGGGCGCCCTCCGTCCTGCCC
284,macaca_mulatta,ENSMMUG00000011563,ENSMMUT00000040833,ENSMMUE00000371706,ENSMMUE00000371706_SE_2/ENSMMUE00000419335_SE_2,1_2,-1,4,15,1,1,2,16,TGTGGTCCCGGAACAGCAAGCCCGTGCACACCACCATCCTGAATCCCCACATCCACCTGATGGGCGACGAGTCAGCCTGCATCGCCTACATCCGCATCACGCAGTACCTGGACGCCGGCGGCATCCCACGCACCGCCCAGTCGGAGGAGACCCGTGTCTGGCACCGCCGGGACGGCAAATGGCAGATCGTCCACTTCCACAGATCTGGGGCGCCCTCCGTCCTGCCCCA,WSRNSKPVHTTILNPHIHLMGDESACIAYIRITQYLDAGGIPRTAQSEETRVWHRRDGKWQIVHFHRSGAPSVLPQ,148358167,148357939,4,21,Q,76,76,148357940,148357939,0,2,CA
285,macaca_mulatta,ENSMMUG00000011563,ENSMMUT00000040833,ENSMMUE00000371706,ENSMMUE00000371706_SE_1,0_13,-1,4,15,1,2,0,17,GTAA,*,148357938,148357935,3,22,,1,0,148357938,148357935,2,0,GTAA
286,macaca_mulatta,ENSMMUG00000011563,ENSMMUT00000040835,ENSMMUE00000257866,ENSMMUE00000257866_SE_23/ENSMMUE00000384746_SE_23,20_0,-1,4,1,20,0,2,0,ATGGCCACCATCACCTGCACCCGCTTCACGGAAGAGTACCAGCTCTTCGAGGAATTGGGCAA,MATITCTRFTEEYQLFEELGK,148423916,148423855,4,1,MATITCTRFTEEYQLFEELGK,1,21,148423916,148423855,0,2,ATGGCCACCATCACCTGCACCCGCTTCACGGAAGAGTACCAGCTCTTCGAGGAATTGGGCAA
287,macaca_mulatta,ENSMMUG00000011563,ENSMMUT00000040835,ENSMMUE00000111798,ENSMMUE00000111798_SE_22,13_0,-1,4,2,13,2,1,1,GGGAGCCTTCTCGGTGGTGCGAAGGTGTGTGAAGGTGCTGGCCGGCCAGGAGTATGCTGCCAAGATCATCAACACCAAGAAGCTGTCAGCCAGAG,GAFSVVRRCVKVLAGQEYAAKIINTKKLSARD,148407395,148407301,4,2,GA,1,2,148407395,148407389,2,0,GGGAGCC
288,macaca_mulatta,ENSMMUG00000011563,ENSMMUT00000040835,ENSMMUE00000111798,ENSMMUE00000111798_SE_22,13_1,-1,4,2,13,2,1,1,GGGAGCCTTCTCGGTGGTGCGAAGGTGTGTGAAGGTGCTGGCCGGCCAGGAGTATGCTGCCAAGATCATCAACACCAAGAAGCTGTCAGCCAGAG,GAFSVVRRCVKVLAGQEYAAKIINTKKLSARD,148407395,148407301,4,3,FSVVRRCVKVLAGQEYAAKIINTKKLSARD,3,32,148407388,148407301,0,1,TTCTCGGTGGTGCGAAGGTGTGTGAAGGTGCTGGCCGGCCAGGAGTATGCTGCCAAGATCATCAACACCAAGAAGCTGTCAGCCAGAG
289,macaca_mulatta,ENSMMUG00000011563,ENSMMUT00000040835,ENSMMUE00000111799,ENSMMUE00000111799_SE_21,21_0,-1,4,3,21,1,1,2,ACCATCAGAAGCTGGAGCGTGAAGCCCGCATCTGCCGCCTGCTGAAGCACCCCAACATTG,HQKLEREARICRLLKHPNIV,148399510,148399451,4,4,HQKLEREARICRLLKHPNIV,1,20,148399510,148399451,1,1,ACCATCAGAAGCTGGAGCGTGAAGCCCGCATCTGCCGCCTGCTGAAGCACCCCAACATTG
290,macaca_mulatta,ENSMMUG00000011563,ENSMMUT00000040835,ENSMMUE00000111802,ENSMMUE00000111802_SE_20,23_0,-1,4,4,23,1,2,3,TCCGACTCCATGACAGCATCTCAGAGGAGGGACACCACTACCTGATCTTCGACCT,RLHDSISEEGHHYLIFDL,148391884,148391830,4,5,RLHDSISEEGHHYLIFDL,1,18,148391884,148391830,1,2,TCCGACTCCATGACAGCATCTCAGAGGAGGGACACCACTACCTGATCTTCGACCT
291,macaca_mulatta,ENSMMUG00000011563,ENSMMUT00000040835,ENSMMUE00000111805,ENSMMUE00000111805_SE_19,19_0,-1,4,5,19,2,2,4,GGTCACTGGTGGGGAACTGTTTGAAGATATCGTGGCCCGGGAGTATTACAGTGAGGCGGATGCCAG,VTGGELFEDIVAREYYSEADAS,148391098,148391033,4,6,VTGGELFEDIVAREYYSEADAS,1,22,148391098,148391033,2,2,GGTCACTGGTGGGGAACTGTTTGAAGATATCGTGGCCCGGGAGTATTACAGTGAGGCGGATGCCAG
292,macaca_mulatta,ENSMMUG00000011563,ENSMMUT00000040835,ENSMMUE00000111808,ENSMMUE00000111808_SE_18,18_0,-1,4,6,18,2,0,5,TCACTGTATCCAGCAGATCCTGGAGGCTGTGCTGCACTGCCACCAGATGGGGGTGGTGCACCGGGACCTGAAG,HCIQQILEAVLHCHQMGVVHRDLK,148390912,148390840,4,7,HCIQQILEAVLHCHQMGVVHRDLK,1,24,148390912,148390840,2,0,TCACTGTATCCAGCAGATCCTGGAGGCTGTGCTGCACTGCCACCAGATGGGGGTGGTGCACCGGGACCTGAAG
293,macaca_mulatta,ENSMMUG00000011563,ENSMMUT00000040835,ENSMMUE00000111810,ENSMMUE00000111810_SE_17,10_0,-1,4,7,10,0,1,6,CCTGAGAATCTGTTGCTGGCCTCCAAGCTCAAGGGTGCCGCAGTGAAGCTGGCAGACTTTGGCCTGGCCATAGAGGTGGAGGGGGAGCAGCAGGCATGGTTTG,PENLLLASKLKGAAVKLADFGLAIEVEGEQQAWFG,148387811,148387709,4,8,PENLLLASKLKGAA,1,14,148387811,148387770,0,0,CCTGAGAATCTGTTGCTGGCCTCCAAGCTCAAGGGTGCCGCA
294,macaca_mulatta,ENSMMUG00000011563,ENSMMUT00000040835,ENSMMUE00000111810,ENSMMUE00000111810_SE_17,10_1,-1,4,7,10,0,1,6,CCTGAGAATCTGTTGCTGGCCTCCAAGCTCAAGGGTGCCGCAGTGAAGCTGGCAGACTTTGGCCTGGCCATAGAGGTGGAGGGGGAGCAGCAGGCATGGTTTG,PENLLLASKLKGAAVKLADFGLAIEVEGEQQAWFG,148387811,148387709,4,9,VKLADFGLAIEVEGEQQA,15,32,148387769,148387716,0,0,GTGAAGCTGGCAGACTTTGGCCTGGCCATAGAGGTGGAGGGGGAGCAGCAGGCA
295,macaca_mulatta,ENSMMUG00000011563,ENSMMUT00000040835,ENSMMUE00000111810,ENSMMUE00000111810_SE_17,10_2,-1,4,7,10,0,1,6,CCTGAGAATCTGTTGCTGGCCTCCAAGCTCAAGGGTGCCGCAGTGAAGCTGGCAGACTTTGGCCTGGCCATAGAGGTGGAGGGGGAGCAGCAGGCATGGTTTG,PENLLLASKLKGAAVKLADFGLAIEVEGEQQAWFG,148387811,148387709,4,10,WFG,33,35,148387715,148387709,0,1,TGGTTTG
296,macaca_mulatta,ENSMMUG00000011563,ENSMMUT00000040835,ENSMMUE00000111812,ENSMMUE00000111812_SE_16,17_1,-1,4,8,17,1,1,7,GGTTTGCAGGGACTCCTGGATACCTCTCCCCAGAAGTGCTGCGGAAGGACCCATACGGGAAGCCTGTGGACCTGTGGGCTTGTG,FAGTPGYLSPEVLRKDPYGKPVDLWACG,148386333,148386250,4,11,FAGTPGYLSPEVLRKDPYGKPVDLWACG,1,28,148386333,148386250,1,1,GGTTTGCAGGGACTCCTGGATACCTCTCCCCAGAAGTGCTGCGGAAGGACCCATACGGGAAGCCTGTGGACCTGTGGGCTTGTG
297,macaca_mulatta,ENSMMUG00000011563,ENSMMUT00000040835,ENSMMUE00000111814,ENSMMUE00000111814_SE_15,14_0,-1,4,9,14,1,0,8,GGGTCATCCTGTACATCCTGCTGGTTGGGTACCCCCCATTCTGGGATGAGGACCAGCACCGCCTGTACCAGCAGATCAAAGCCGGCGCCTATGAT,VILYILLVGYPPFWDEDQHRLYQQIKAGAYD,148386112,148386018,4,12,VILYILLVGYPPFWDEDQHRLYQQIKAGAYD,1,31,148386112,148386018,1,0,GGGTCATCCTGTACATCCTGCTGGTTGGGTACCCCCCATTCTGGGATGAGGACCAGCACCGCCTGTACCAGCAGATCAAAGCCGGCGCCTATGAT
298,macaca_mulatta,ENSMMUG00000011563,ENSMMUT00000040835,ENSMMUE00000111815,ENSMMUE00000111815_SE_14,5_2,-1,4,10,5,0,0,9,TTCCCATCACCAGAATGGGACACCGTCACCCCGGAAGCCAAGGATCTGATCAATAAGATGCTGACCATTAACCCATCCAAACGCATCACAGCTGCTGAAGCCCTTAAGCACCCCTGGATCTCG,FPSPEWDTVTPEAKDLINKMLTINPSKRITAAEALKHPWIS,148385065,148384943,4,13,FPSPEWDTVTPEAKDLINKMLTINPSKRITAAEALKHPWIS,1,41,148385065,148384943,0,0,TTCCCATCACCAGAATGGGACACCGTCACCCCGGAAGCCAAGGATCTGATCAATAAGATGCTGACCATTAACCCATCCAAACGCATCACAGCTGCTGAAGCCCTTAAGCACCCCTGGATCTCG
299,macaca_mulatta,ENSMMUG00000011563,ENSMMUT00000040835,ENSMMUE00000111818,ENSMMUE00000111818_SE_13,9_0,-1,4,11,9,0,0,10,CACCGCTCCACCGTGGCATCCTGCATGCACAGACAGGAGACCGTGGACTGCCTGAAGAAGTTCAATGCCAGGAGGAAACTGAAG,HRSTVASCMHRQETVDCLKKFNARRKLK,148384564,148384481,4,14,HRSTVASCMHRQETVDCLKKFNARRKLK,1,28,148384564,148384481,0,0,CACCGCTCCACCGTGGCATCCTGCATGCACAGACAGGAGACCGTGGACTGCCTGAAGAAGTTCAATGCCAGGAGGAAACTGAAG
300,macaca_mulatta,ENSMMUG00000011563,ENSMMUT00000040835,ENSMMUE00000350864,ENSMMUE00000111820_SE_12/ENSMMUE00000350864_SE_12,15_0,-1,4,12,15,0,1,11,GGAGCCATTCTCACCACGATGCTGGCCACCAGGAACTTCTCCG,GAILTTMLATRNFSG,148382639,148382597,4,15,GAILTTMLATRNFSG,1,15,148382639,148382597,0,1,GGAGCCATTCTCACCACGATGCTGGCCACCAGGAACTTCTCCG
301,macaca_mulatta,ENSMMUG00000011563,ENSMMUT00000040835,ENSMMUE00000350864,ENSMMUE00000350864_SE_11,0_16,-1,4,12,-15,1,0,12,GTAGGTGGCAGGACCTTGGGGTCCCCAGTAAGCCCTGCACCAGTTCACTGGGG,RWQDLGVPSKPCTSSLG,148382596,148382544,2,16,RWQDLGVPSKPCTSSLG,1,17,148382596,148382544,1,0,GTAGGTGGCAGGACCTTGGGGTCCCCAGTAAGCCCTGCACCAGTTCACTGGGG
302,macaca_mulatta,ENSMMUG00000011563,ENSMMUT00000040835,ENSMMUE00000415818,ENSMMUE00000415818_SE_7,6_0,-1,4,13,6,0,0,13,GCAGCCAGGGCCTGGCCATGCCTCGTCCCGCTCCCAGGCAGGCCTCACCATCTCCTGTATTCTCTTTGGCAG,AARAWPCLVPLPGRPHHLLYSLWQ,148373797,148373726,1,17,AARAWPCLVPLPGRPHHLLYSLWQ,1,24,148373797,148373726,0,0,GCAGCCAGGGCCTGGCCATGCCTCGTCCCGCTCCCAGGCAGGCCTCACCATCTCCTGTATTCTCTTTGGCAG
303,macaca_mulatta,ENSMMUG00000011563,ENSMMUT00000040835,ENSMMUE00000415818,ENSMMUE00000111824_SE_6/ENSMMUE00000415818_SE_6,6_1,-1,4,13,6,0,1,14,GAATCCTCAGAGAGCACCAACACCACCATCGAGGATGAAGACACCAAAG,ESSESTNTTIEDEDTKV,148373725,148373677,3,18,ESSESTNTTIEDEDTKV,1,17,148373725,148373677,0,1,GAATCCTCAGAGAGCACCAACACCACCATCGAGGATGAAGACACCAAAG
304,macaca_mulatta,ENSMMUG00000011563,ENSMMUT00000040835,ENSMMUE00000111827,ENSMMUE00000111827_SE_4/ENSMMUE00000329667_SE_4,4_2,-1,4,14,4,1,2,15,TGCGGAAACAGGAAATTATAAAAGTGACAGAGCAGCTGATTGAAGCCATAAGCAATGGAGATTTTGAGTCCTACAC,RKQEIIKVTEQLIEAISNGDFESYT,148366315,148366240,4,19,RKQEIIKVTEQLIEAISNGDFESYT,1,25,148366315,148366240,1,2,TGCGGAAACAGGAAATTATAAAAGTGACAGAGCAGCTGATTGAAGCCATAAGCAATGGAGATTTTGAGTCCTACAC
305,macaca_mulatta,ENSMMUG00000011563,ENSMMUT00000040835,ENSMMUE00000111828,ENSMMUE00000111828_SE_3,12_0,-1,4,15,12,2,1,16,GAAGATGTGCGACCCTGGCATGACAGCCTTCGAACCTGAGGCCCTGGGGAACCTGGTTGAGGGCCTGGACTTCCATCGATTCTATTTTGAAAACC,KMCDPGMTAFEPEALGNLVEGLDFHRFYFENL,148363259,148363165,4,20,KMCDPGMTAFEPEALGNLVEGLDFHRFYFENL,1,32,148363259,148363165,2,1,GAAGATGTGCGACCCTGGCATGACAGCCTTCGAACCTGAGGCCCTGGGGAACCTGGTTGAGGGCCTGGACTTCCATCGATTCTATTTTGAAAACC
306,macaca_mulatta,ENSMMUG00000011563,ENSMMUT00000040835,ENSMMUE00000371706,ENSMMUE00000371706_SE_2/ENSMMUE00000419335_SE_2,1_1,-1,4,16,1,1,2,17,TGTGGTCCCGGAACAGCAAGCCCGTGCACACCACCATCCTGAATCCCCACATCCACCTGATGGGCGACGAGTCAGCCTGCATCGCCTACATCCGCATCACGCAGTACCTGGACGCCGGCGGCATCCCACGCACCGCCCAGTCGGAGGAGACCCGTGTCTGGCACCGCCGGGACGGCAAATGGCAGATCGTCCACTTCCACAGATCTGGGGCGCCCTCCGTCCTGCCCCA,WSRNSKPVHTTILNPHIHLMGDESACIAYIRITQYLDAGGIPRTAQSEETRVWHRRDGKWQIVHFHRSGAPSVLPQ,148358167,148357939,4,21,WSRNSKPVHTTILNPHIHLMGDESACIAYIRITQYLDAGGIPRTAQSEETRVWHRRDGKWQIVHFHRSGAPSVLP,1,75,148358167,148357941,1,0,TGTGGTCCCGGAACAGCAAGCCCGTGCACACCACCATCCTGAATCCCCACATCCACCTGATGGGCGACGAGTCAGCCTGCATCGCCTACATCCGCATCACGCAGTACCTGGACGCCGGCGGCATCCCACGCACCGCCCAGTCGGAGGAGACCCGTGTCTGGCACCGCCGGGACGGCAAATGGCAGATCGTCCACTTCCACAGATCTGGGGCGCCCTCCGTCCTGCCC
307,macaca_mulatta,ENSMMUG00000011563,ENSMMUT00000040835,ENSMMUE00000371706,ENSMMUE00000371706_SE_2/ENSMMUE00000419335_SE_2,1_2,-1,4,16,1,1,2,17,TGTGGTCCCGGAACAGCAAGCCCGTGCACACCACCATCCTGAATCCCCACATCCACCTGATGGGCGACGAGTCAGCCTGCATCGCCTACATCCGCATCACGCAGTACCTGGACGCCGGCGGCATCCCACGCACCGCCCAGTCGGAGGAGACCCGTGTCTGGCACCGCCGGGACGGCAAATGGCAGATCGTCCACTTCCACAGATCTGGGGCGCCCTCCGTCCTGCCCCA,WSRNSKPVHTTILNPHIHLMGDESACIAYIRITQYLDAGGIPRTAQSEETRVWHRRDGKWQIVHFHRSGAPSVLPQ,148358167,148357939,4,22,Q,76,76,148357940,148357939,0,2,CA
308,macaca_mulatta,ENSMMUG00000011563,ENSMMUT00000040835,ENSMMUE00000371706,ENSMMUE00000371706_SE_1,0_14,-1,4,16,1,2,0,18,GTAA,*,148357938,148357935,3,23,,1,0,148357938,148357935,2,0,GTAA
309,macaca_mulatta,ENSMMUG00000011563,ENSMMUT00000058011,ENSMMUE00000384746,ENSMMUE00000257866_SE_23/ENSMMUE00000384746_SE_23,20_0,-1,4,1,20,0,2,0,ATGGCCACCATCACCTGCACCCGCTTCACGGAAGAGTACCAGCTCTTCGAGGAATTGGGCAA,MATITCTRFTEEYQLFEELGK,148423916,148423855,4,1,MATITCTRFTEEYQLFEELGK,1,21,148423916,148423855,0,2,ATGGCCACCATCACCTGCACCCGCTTCACGGAAGAGTACCAGCTCTTCGAGGAATTGGGCAA
310,macaca_mulatta,ENSMMUG00000011563,ENSMMUT00000058011,ENSMMUE00000111798,ENSMMUE00000111798_SE_22,13_0,-1,4,2,13,2,1,1,GGGAGCCTTCTCGGTGGTGCGAAGGTGTGTGAAGGTGCTGGCCGGCCAGGAGTATGCTGCCAAGATCATCAACACCAAGAAGCTGTCAGCCAGAG,GAFSVVRRCVKVLAGQEYAAKIINTKKLSARD,148407395,148407301,4,2,GA,1,2,148407395,148407389,2,0,GGGAGCC
311,macaca_mulatta,ENSMMUG00000011563,ENSMMUT00000058011,ENSMMUE00000111798,ENSMMUE00000111798_SE_22,13_1,-1,4,2,13,2,1,1,GGGAGCCTTCTCGGTGGTGCGAAGGTGTGTGAAGGTGCTGGCCGGCCAGGAGTATGCTGCCAAGATCATCAACACCAAGAAGCTGTCAGCCAGAG,GAFSVVRRCVKVLAGQEYAAKIINTKKLSARD,148407395,148407301,4,3,FSVVRRCVKVLAGQEYAAKIINTKKLSARD,3,32,148407388,148407301,0,1,TTCTCGGTGGTGCGAAGGTGTGTGAAGGTGCTGGCCGGCCAGGAGTATGCTGCCAAGATCATCAACACCAAGAAGCTGTCAGCCAGAG
312,macaca_mulatta,ENSMMUG00000011563,ENSMMUT00000058011,ENSMMUE00000111799,ENSMMUE00000111799_SE_21,21_0,-1,4,3,21,1,1,2,ACCATCAGAAGCTGGAGCGTGAAGCCCGCATCTGCCGCCTGCTGAAGCACCCCAACATTG,HQKLEREARICRLLKHPNIV,148399510,148399451,4,4,HQKLEREARICRLLKHPNIV,1,20,148399510,148399451,1,1,ACCATCAGAAGCTGGAGCGTGAAGCCCGCATCTGCCGCCTGCTGAAGCACCCCAACATTG
313,macaca_mulatta,ENSMMUG00000011563,ENSMMUT00000058011,ENSMMUE00000111802,ENSMMUE00000111802_SE_20,23_0,-1,4,4,23,1,2,3,TCCGACTCCATGACAGCATCTCAGAGGAGGGACACCACTACCTGATCTTCGACCT,RLHDSISEEGHHYLIFDL,148391884,148391830,4,5,RLHDSISEEGHHYLIFDL,1,18,148391884,148391830,1,2,TCCGACTCCATGACAGCATCTCAGAGGAGGGACACCACTACCTGATCTTCGACCT
314,macaca_mulatta,ENSMMUG00000011563,ENSMMUT00000058011,ENSMMUE00000111805,ENSMMUE00000111805_SE_19,19_0,-1,4,5,19,2,2,4,GGTCACTGGTGGGGAACTGTTTGAAGATATCGTGGCCCGGGAGTATTACAGTGAGGCGGATGCCAG,VTGGELFEDIVAREYYSEADAS,148391098,148391033,4,6,VTGGELFEDIVAREYYSEADAS,1,22,148391098,148391033,2,2,GGTCACTGGTGGGGAACTGTTTGAAGATATCGTGGCCCGGGAGTATTACAGTGAGGCGGATGCCAG
315,macaca_mulatta,ENSMMUG00000011563,ENSMMUT00000058011,ENSMMUE00000111808,ENSMMUE00000111808_SE_18,18_0,-1,4,6,18,2,0,5,TCACTGTATCCAGCAGATCCTGGAGGCTGTGCTGCACTGCCACCAGATGGGGGTGGTGCACCGGGACCTGAAG,HCIQQILEAVLHCHQMGVVHRDLK,148390912,148390840,4,7,HCIQQILEAVLHCHQMGVVHRDLK,1,24,148390912,148390840,2,0,TCACTGTATCCAGCAGATCCTGGAGGCTGTGCTGCACTGCCACCAGATGGGGGTGGTGCACCGGGACCTGAAG
316,macaca_mulatta,ENSMMUG00000011563,ENSMMUT00000058011,ENSMMUE00000111810,ENSMMUE00000111810_SE_17,10_0,-1,4,7,10,0,1,6,CCTGAGAATCTGTTGCTGGCCTCCAAGCTCAAGGGTGCCGCAGTGAAGCTGGCAGACTTTGGCCTGGCCATAGAGGTGGAGGGGGAGCAGCAGGCATGGTTTG,PENLLLASKLKGAAVKLADFGLAIEVEGEQQAWFG,148387811,148387709,4,8,PENLLLASKLKGAA,1,14,148387811,148387770,0,0,CCTGAGAATCTGTTGCTGGCCTCCAAGCTCAAGGGTGCCGCA
317,macaca_mulatta,ENSMMUG00000011563,ENSMMUT00000058011,ENSMMUE00000111810,ENSMMUE00000111810_SE_17,10_1,-1,4,7,10,0,1,6,CCTGAGAATCTGTTGCTGGCCTCCAAGCTCAAGGGTGCCGCAGTGAAGCTGGCAGACTTTGGCCTGGCCATAGAGGTGGAGGGGGAGCAGCAGGCATGGTTTG,PENLLLASKLKGAAVKLADFGLAIEVEGEQQAWFG,148387811,148387709,4,9,VKLADFGLAIEVEGEQQA,15,32,148387769,148387716,0,0,GTGAAGCTGGCAGACTTTGGCCTGGCCATAGAGGTGGAGGGGGAGCAGCAGGCA
318,macaca_mulatta,ENSMMUG00000011563,ENSMMUT00000058011,ENSMMUE00000111810,ENSMMUE00000111810_SE_17,10_2,-1,4,7,10,0,1,6,CCTGAGAATCTGTTGCTGGCCTCCAAGCTCAAGGGTGCCGCAGTGAAGCTGGCAGACTTTGGCCTGGCCATAGAGGTGGAGGGGGAGCAGCAGGCATGGTTTG,PENLLLASKLKGAAVKLADFGLAIEVEGEQQAWFG,148387811,148387709,4,10,WFG,33,35,148387715,148387709,0,1,TGGTTTG
319,macaca_mulatta,ENSMMUG00000011563,ENSMMUT00000058011,ENSMMUE00000111812,ENSMMUE00000111812_SE_16,17_1,-1,4,8,17,1,1,7,GGTTTGCAGGGACTCCTGGATACCTCTCCCCAGAAGTGCTGCGGAAGGACCCATACGGGAAGCCTGTGGACCTGTGGGCTTGTG,FAGTPGYLSPEVLRKDPYGKPVDLWACG,148386333,148386250,4,11,FAGTPGYLSPEVLRKDPYGKPVDLWACG,1,28,148386333,148386250,1,1,GGTTTGCAGGGACTCCTGGATACCTCTCCCCAGAAGTGCTGCGGAAGGACCCATACGGGAAGCCTGTGGACCTGTGGGCTTGTG
320,macaca_mulatta,ENSMMUG00000011563,ENSMMUT00000058011,ENSMMUE00000111814,ENSMMUE00000111814_SE_15,14_0,-1,4,9,14,1,0,8,GGGTCATCCTGTACATCCTGCTGGTTGGGTACCCCCCATTCTGGGATGAGGACCAGCACCGCCTGTACCAGCAGATCAAAGCCGGCGCCTATGAT,VILYILLVGYPPFWDEDQHRLYQQIKAGAYD,148386112,148386018,4,12,VILYILLVGYPPFWDEDQHRLYQQIKAGAYD,1,31,148386112,148386018,1,0,GGGTCATCCTGTACATCCTGCTGGTTGGGTACCCCCCATTCTGGGATGAGGACCAGCACCGCCTGTACCAGCAGATCAAAGCCGGCGCCTATGAT
321,macaca_mulatta,ENSMMUG00000011563,ENSMMUT00000058011,ENSMMUE00000111815,ENSMMUE00000111815_SE_14,5_2,-1,4,10,5,0,0,9,TTCCCATCACCAGAATGGGACACCGTCACCCCGGAAGCCAAGGATCTGATCAATAAGATGCTGACCATTAACCCATCCAAACGCATCACAGCTGCTGAAGCCCTTAAGCACCCCTGGATCTCG,FPSPEWDTVTPEAKDLINKMLTINPSKRITAAEALKHPWIS,148385065,148384943,4,13,FPSPEWDTVTPEAKDLINKMLTINPSKRITAAEALKHPWIS,1,41,148385065,148384943,0,0,TTCCCATCACCAGAATGGGACACCGTCACCCCGGAAGCCAAGGATCTGATCAATAAGATGCTGACCATTAACCCATCCAAACGCATCACAGCTGCTGAAGCCCTTAAGCACCCCTGGATCTCG
322,macaca_mulatta,ENSMMUG00000011563,ENSMMUT00000058011,ENSMMUE00000111818,ENSMMUE00000111818_SE_13,9_0,-1,4,11,9,0,0,10,CACCGCTCCACCGTGGCATCCTGCATGCACAGACAGGAGACCGTGGACTGCCTGAAGAAGTTCAATGCCAGGAGGAAACTGAAG,HRSTVASCMHRQETVDCLKKFNARRKLK,148384564,148384481,4,14,HRSTVASCMHRQETVDCLKKFNARRKLK,1,28,148384564,148384481,0,0,CACCGCTCCACCGTGGCATCCTGCATGCACAGACAGGAGACCGTGGACTGCCTGAAGAAGTTCAATGCCAGGAGGAAACTGAAG
323,macaca_mulatta,ENSMMUG00000011563,ENSMMUT00000058011,ENSMMUE00000111820,ENSMMUE00000111820_SE_12/ENSMMUE00000350864_SE_12,15_0,-1,4,12,15,0,1,11,GGAGCCATTCTCACCACGATGCTGGCCACCAGGAACTTCTCCG,GAILTTMLATRNFSG,148382639,148382597,4,15,GAILTTMLATRNFSG,1,15,148382639,148382597,0,1,GGAGCCATTCTCACCACGATGCTGGCCACCAGGAACTTCTCCG
324,macaca_mulatta,ENSMMUG00000011563,ENSMMUT00000058011,ENSMMUE00000111823,ENSMMUE00000111823_SE_10/ENSMMUE00000375041_SE_10,7_2,-1,4,13,7,1,0,12,GAGGGAAGAGTGGGGGAAACAAGAAGAGCGATGGTGTGAAG,GKSGGNKKSDGVK,148380021,148379981,2,16,GKSGGNKKSDGVK,1,13,148380021,148379981,1,0,GAGGGAAGAGTGGGGGAAACAAGAAGAGCGATGGTGTGAAG
325,macaca_mulatta,ENSMMUG00000011563,ENSMMUT00000058011,ENSMMUE00000257859,ENSMMUE00000257859_SE_8,24_0,-1,4,14,24,0,0,13,AAAAGAAAGTCCAGTTCCAGCGTTCAGTTAATG,KRKSSSSVQLM,148374714,148374682,1,17,KRKSSSSVQLM,1,11,148374714,148374682,0,0,AAAAGAAAGTCCAGTTCCAGCGTTCAGTTAATG
326,macaca_mulatta,ENSMMUG00000011563,ENSMMUT00000058011,ENSMMUE00000111824,ENSMMUE00000111824_SE_6/ENSMMUE00000415818_SE_6,6_1,-1,4,15,6,0,1,14,GAATCCTCAGAGAGCACCAACACCACCATCGAGGATGAAGACACCAAAG,ESSESTNTTIEDEDTKV,148373725,148373677,3,18,ESSESTNTTIEDEDTKV,1,17,148373725,148373677,0,1,GAATCCTCAGAGAGCACCAACACCACCATCGAGGATGAAGACACCAAAG
327,macaca_mulatta,ENSMMUG00000011563,ENSMMUT00000058011,ENSMMUE00000111827,ENSMMUE00000111827_SE_4/ENSMMUE00000329667_SE_4,4_2,-1,4,16,4,1,2,15,TGCGGAAACAGGAAATTATAAAAGTGACAGAGCAGCTGATTGAAGCCATAAGCAATGGAGATTTTGAGTCCTACAC,RKQEIIKVTEQLIEAISNGDFESYT,148366315,148366240,4,19,RKQEIIKVTEQLIEAISNGDFESYT,1,25,148366315,148366240,1,2,TGCGGAAACAGGAAATTATAAAAGTGACAGAGCAGCTGATTGAAGCCATAAGCAATGGAGATTTTGAGTCCTACAC
328,macaca_mulatta,ENSMMUG00000011563,ENSMMUT00000058011,ENSMMUE00000111828,ENSMMUE00000111828_SE_3,12_0,-1,4,17,12,2,1,16,GAAGATGTGCGACCCTGGCATGACAGCCTTCGAACCTGAGGCCCTGGGGAACCTGGTTGAGGGCCTGGACTTCCATCGATTCTATTTTGAAAACC,KMCDPGMTAFEPEALGNLVEGLDFHRFYFENL,148363259,148363165,4,20,KMCDPGMTAFEPEALGNLVEGLDFHRFYFENL,1,32,148363259,148363165,2,1,GAAGATGTGCGACCCTGGCATGACAGCCTTCGAACCTGAGGCCCTGGGGAACCTGGTTGAGGGCCTGGACTTCCATCGATTCTATTTTGAAAACC
329,macaca_mulatta,ENSMMUG00000011563,ENSMMUT00000058011,ENSMMUE00000419335,ENSMMUE00000371706_SE_2/ENSMMUE00000419335_SE_2,1_1,-1,4,18,1,1,2,17,TGTGGTCCCGGAACAGCAAGCCCGTGCACACCACCATCCTGAATCCCCACATCCACCTGATGGGCGACGAGTCAGCCTGCATCGCCTACATCCGCATCACGCAGTACCTGGACGCCGGCGGCATCCCACGCACCGCCCAGTCGGAGGAGACCCGTGTCTGGCACCGCCGGGACGGCAAATGGCAGATCGTCCACTTCCACAGATCTGGGGCGCCCTCCGTCCTGCCCCA,WSRNSKPVHTTILNPHIHLMGDESACIAYIRITQYLDAGGIPRTAQSEETRVWHRRDGKWQIVHFHRSGAPSVLPH,148358167,148357939,4,21,WSRNSKPVHTTILNPHIHLMGDESACIAYIRITQYLDAGGIPRTAQSEETRVWHRRDGKWQIVHFHRSGAPSVLP,1,75,148358167,148357941,1,0,TGTGGTCCCGGAACAGCAAGCCCGTGCACACCACCATCCTGAATCCCCACATCCACCTGATGGGCGACGAGTCAGCCTGCATCGCCTACATCCGCATCACGCAGTACCTGGACGCCGGCGGCATCCCACGCACCGCCCAGTCGGAGGAGACCCGTGTCTGGCACCGCCGGGACGGCAAATGGCAGATCGTCCACTTCCACAGATCTGGGGCGCCCTCCGTCCTGCCC
330,macaca_mulatta,ENSMMUG00000011563,ENSMMUT00000058011,ENSMMUE00000419335,ENSMMUE00000371706_SE_2/ENSMMUE00000419335_SE_2,1_2,-1,4,18,1,1,2,17,TGTGGTCCCGGAACAGCAAGCCCGTGCACACCACCATCCTGAATCCCCACATCCACCTGATGGGCGACGAGTCAGCCTGCATCGCCTACATCCGCATCACGCAGTACCTGGACGCCGGCGGCATCCCACGCACCGCCCAGTCGGAGGAGACCCGTGTCTGGCACCGCCGGGACGGCAAATGGCAGATCGTCCACTTCCACAGATCTGGGGCGCCCTCCGTCCTGCCCCA,WSRNSKPVHTTILNPHIHLMGDESACIAYIRITQYLDAGGIPRTAQSEETRVWHRRDGKWQIVHFHRSGAPSVLPH,148358167,148357939,4,22,Q,76,76,148357940,148357939,0,2,CA
331,macaca_mulatta,ENSMMUG00000011563,ENSMMUT00000058011,ENSMMUE00000428035,ENSMMUE00000428035_SE_0,0_17,-1,4,19,0,2,0,18,CTGA,*,148357661,148357658,1,23,,1,0,148357661,148357658,2,0,CTGA
332,mus_musculus,ENSMUSG00000024617,ENSMUST00000102888,ENSMUSE00000702374/ENSMUSE00000793151,ENSMUSE00000702374_SE_0,20_0,1,3,1,20,0,2,0,ATGGCTACCATCACCTGCACCCGATTCACAGAAGAGTACCAGCTCTTTGAGGAACTGGGAAA,MATITCTRFTEEYQLFEELG,60925779,60925840,2,1,MATITCTRFTEEYQLFEELG,1,20,60925779,60925840,0,2,ATGGCTACCATCACCTGCACCCGATTCACAGAAGAGTACCAGCTCTTTGAGGAACTGGGAAA
333,mus_musculus,ENSMUSG00000024617,ENSMUST00000102888,ENSMUSE00000143832,ENSMUSE00000143832_SE_1,13_0,1,3,2,13,2,1,1,GGGAGCCTTCTCTGTGGTGCGCAGGTGTGTGAAGGTGCTGGCTGGTCAGGAGTATGCTGCCAAGATTATCAACACCAAGAAGCTTTCAGCCAGAG,KGAFSVVRRCVKVLAGQEYAAKIINTKKLSAR,60941287,60941381,2,2,KGA,1,3,60941287,60941293,2,0,GGGAGCC
334,mus_musculus,ENSMUSG00000024617,ENSMUST00000102888,ENSMUSE00000143832,ENSMUSE00000143832_SE_1,13_1,1,3,2,13,2,1,1,GGGAGCCTTCTCTGTGGTGCGCAGGTGTGTGAAGGTGCTGGCTGGTCAGGAGTATGCTGCCAAGATTATCAACACCAAGAAGCTTTCAGCCAGAG,KGAFSVVRRCVKVLAGQEYAAKIINTKKLSAR,60941287,60941381,2,3,FSVVRRCVKVLAGQEYAAKIINTKKLSAR,4,32,60941294,60941381,0,1,TTCTCTGTGGTGCGCAGGTGTGTGAAGGTGCTGGCTGGTCAGGAGTATGCTGCCAAGATTATCAACACCAAGAAGCTTTCAGCCAGAG
335,mus_musculus,ENSMUSG00000024617,ENSMUST00000102888,ENSMUSE00000469335,ENSMUSE00000469335_SE_3,21_0,1,3,3,21,1,1,2,ATCACCAGAAGCTGGAGCGTGAGGCCCGCATCTGCCGCTTGTTGAAGCACCCCAATATCG,DHQKLEREARICRLLKHPNI,60946986,60947045,1,4,DHQKLEREARICRLLKHPNI,1,20,60946986,60947045,1,1,ATCACCAGAAGCTGGAGCGTGAGGCCCGCATCTGCCGCTTGTTGAAGCACCCCAATATCG
336,mus_musculus,ENSMUSG00000024617,ENSMUST00000102888,ENSMUSE00000572375,ENSMUSE00000572375_SE_4,23_0,1,3,4,23,1,2,3,TCCGACTCCATGACAGCATCTCCGAGGAGGGGCACCACTACCTTATCTTCGATCT,VRLHDSISEEGHHYLIFD,60951293,60951347,1,5,VRLHDSISEEGHHYLIFD,1,18,60951293,60951347,1,2,TCCGACTCCATGACAGCATCTCCGAGGAGGGGCACCACTACCTTATCTTCGATCT
337,mus_musculus,ENSMUSG00000024617,ENSMUST00000102888,ENSMUSE00000572374,ENSMUSE00000572374_SE_5,19_0,1,3,5,19,2,2,4,GGTTACTGGTGGGGAACTGTTTGAAGACATTGTGGCCCGGGAGTATTACAGTGAAGCTGATGCCAG,LVTGGELFEDIVAREYYSEADA,60952134,60952199,1,6,LVTGGELFEDIVAREYYSEADA,1,22,60952134,60952199,2,2,GGTTACTGGTGGGGAACTGTTTGAAGACATTGTGGCCCGGGAGTATTACAGTGAAGCTGATGCCAG
338,mus_musculus,ENSMUSG00000024617,ENSMUST00000102888,ENSMUSE00000143838,ENSMUSE00000143838_SE_6,18_0,1,3,6,18,2,0,5,CCACTGTATCCAGCAGATCTTGGAGGCTGTGCTACACTGTCACCAGATGGGGGTGGTGCATCGTGACCTGAAG,SHCIQQILEAVLHCHQMGVVHRDLK,60952285,60952357,1,7,SHCIQQILEAVLHCHQMGVVHRDLK,1,25,60952285,60952357,2,0,CCACTGTATCCAGCAGATCTTGGAGGCTGTGCTACACTGTCACCAGATGGGGGTGGTGCATCGTGACCTGAAG
339,mus_musculus,ENSMUSG00000024617,ENSMUST00000102888,ENSMUSE00001372564,ENSMUSE00001372564_SE_7,10_0,1,3,7,10,0,1,6,CCTGAGAATCTGTTGCTGGCCTCGAAGCTCAAGGGCGCTGCTGTGAAGCTGGCAGACTTTGGCCTGGCCATAGAGGTGGAGGGGGAGCAGCAGGCATGGTTTG,PENLLLASKLKGAAVKLADFGLAIEVEGEQQAWF,60955537,60955639,1,8,PENLLLASKLKGAA,1,14,60955537,60955575,0,0,CCTGAGAATCTGTTGCTGGCCTCGAAGCTCAAGGGCGCT
340,mus_musculus,ENSMUSG00000024617,ENSMUST00000102888,ENSMUSE00001372564,ENSMUSE00001372564_SE_7,10_1,1,3,7,10,0,1,6,CCTGAGAATCTGTTGCTGGCCTCGAAGCTCAAGGGCGCTGCTGTGAAGCTGGCAGACTTTGGCCTGGCCATAGAGGTGGAGGGGGAGCAGCAGGCATGGTTTG,PENLLLASKLKGAAVKLADFGLAIEVEGEQQAWF,60955537,60955639,1,9,VKLADFGLAIEVEGEQQA,15,32,60955576,60955629,0,0,GCTGTGAAGCTGGCAGACTTTGGCCTGGCCATAGAGGTGGAGGGGGAGCAGCAG
341,mus_musculus,ENSMUSG00000024617,ENSMUST00000102888,ENSMUSE00001372564,ENSMUSE00001372564_SE_7,10_2,1,3,7,10,0,1,6,CCTGAGAATCTGTTGCTGGCCTCGAAGCTCAAGGGCGCTGCTGTGAAGCTGGCAGACTTTGGCCTGGCCATAGAGGTGGAGGGGGAGCAGCAGGCATGGTTTG,PENLLLASKLKGAAVKLADFGLAIEVEGEQQAWF,60955537,60955639,1,10,WF,33,34,60955630,60955639,0,1,GCATGGTTTG
342,mus_musculus,ENSMUSG00000024617,ENSMUST00000102888,ENSMUSE00000143835,ENSMUSE00000143835_SE_8,17_1,1,3,8,17,1,1,7,GGTTCGCAGGGACACCTGGATACCTCTCCCCAGAAGTGCTGAGGAAGGACCCGTACGGGAAGCCCGTGGACCTGTGGGCCTGTG,GFAGTPGYLSPEVLRKDPYGKPVDLWAC,60957104,60957187,1,11,GFAGTPGYLSPEVLRKDPYGKPVDLWAC,1,28,60957104,60957187,1,1,GGTTCGCAGGGACACCTGGATACCTCTCCCCAGAAGTGCTGAGGAAGGACCCGTACGGGAAGCCCGTGGACCTGTGGGCCTGTG
343,mus_musculus,ENSMUSG00000024617,ENSMUST00000102888,ENSMUSE00000493183,ENSMUSE00000493183_SE_9,14_0,1,3,9,14,1,0,8,GCGTCATCCTGTATATCTTGCTGGTTGGGTATCCCCCGTTCTGGGATGAAGACCAGCATCGCCTGTACCAGCAGATCAAAGCTGGTGCCTATGAT,GVILYILLVGYPPFWDEDQHRLYQQIKAGAYD,60957300,60957394,1,12,GVILYILLVGYPPFWDEDQHRLYQQIKAGAYD,1,32,60957300,60957394,1,0,GCGTCATCCTGTATATCTTGCTGGTTGGGTATCCCCCGTTCTGGGATGAAGACCAGCATCGCCTGTACCAGCAGATCAAAGCTGGTGCCTATGAT
344,mus_musculus,ENSMUSG00000024617,ENSMUST00000102888,ENSMUSE00000504553,ENSMUSE00000504553_SE_10,5_2,1,3,10,5,0,0,9,TTCCCATCACCAGAATGGGACACCGTCACCCCAGAAGCCAAGGATCTGATCAATAAGATGCTGACCATCAACCCGTCCAAACGCATCACGGCCGCTGAGGCTCTCAAGCACCCATGGATCTCG,FPSPEWDTVTPEAKDLINKMLTINPSKRITAAEALKHPWIS,60958141,60958263,1,13,FPSPEWDTVTPEAKDLINKMLTINPSKRITAAEALKHPWIS,1,41,60958141,60958263,0,0,TTCCCATCACCAGAATGGGACACCGTCACCCCAGAAGCCAAGGATCTGATCAATAAGATGCTGACCATCAACCCGTCCAAACGCATCACGGCCGCTGAGGCTCTCAAGCACCCATGGATCTCG
345,mus_musculus,ENSMUSG00000024617,ENSMUST00000102888,ENSMUSE00000572373,ENSMUSE00000572373_SE_11,9_0,1,3,11,9,0,0,10,CACCGCTCCACCGTGGCCTCCTGCATGCACAGACAGGAGACCGTGGACTGCCTGAAGAAGTTCAATGCCAGGAGGAAACTGAAG,HRSTVASCMHRQETVDCLKKFNARRKLK,60958573,60958656,1,14,HRSTVASCMHRQETVDCLKKFNARRKLK,1,28,60958573,60958656,0,0,CACCGCTCCACCGTGGCCTCCTGCATGCACAGACAGGAGACCGTGGACTGCCTGAAGAAGTTCAATGCCAGGAGGAAACTGAAG
346,mus_musculus,ENSMUSG00000024617,ENSMUST00000102888,ENSMUSE00000572372,ENSMUSE00000572372_SE_12,15_0,1,3,12,15,0,1,11,GGAGCCATCCTCACCACTATGCTGGCCACCAGGAACTTCTCCG,GAILTTMLATRNFS,60960003,60960045,1,15,GAILTTMLATRNFS,1,14,60960003,60960045,0,1,GGAGCCATCCTCACCACTATGCTGGCCACCAGGAACTTCTCCG
347,mus_musculus,ENSMUSG00000024617,ENSMUST00000102888,ENSMUSE00000507603,ENSMUSE00000507603_SE_14/ENSMUSE00000662919_SE_14,7_1,1,3,13,7,1,0,12,GAGGGAAGAGCGGAGGAAACAAGAAGAACGATGGTGTGAAG,GGKSGGNKKNDGVK,60963923,60963963,2,16,G,1,1,60963923,60963924,1,0,GA
348,mus_musculus,ENSMUSG00000024617,ENSMUST00000102888,ENSMUSE00000507603,ENSMUSE00000507603_SE_14/ENSMUSE00000662919_SE_14,7_2,1,3,13,7,1,0,12,GAGGGAAGAGCGGAGGAAACAAGAAGAACGATGGTGTGAAG,GGKSGGNKKNDGVK,60963923,60963963,2,17,GKSGGNKKNDGVK,2,14,60963925,60963963,0,0,GGGAAGAGCGGAGGAAACAAGAAGAACGATGGTGTGAAG
349,mus_musculus,ENSMUSG00000024617,ENSMUST00000102888,ENSMUSE00000659241,ENSMUSE00000659241_SE_16,6_1,1,3,14,6,0,1,13,GAATCTTCTGAGAGCACCAACACCACCATTGAGGACGAAGACACCAAAG,ESSESTNTTIEDEDTK,60969994,60970042,2,18,ESSESTNTTIEDEDTK,1,16,60969994,60970042,0,1,GAATCTTCTGAGAGCACCAACACCACCATTGAGGACGAAGACACCAAAG
350,mus_musculus,ENSMUSG00000024617,ENSMUST00000102888,ENSMUSE00000659240,ENSMUSE00000659240_SE_17,4_1,1,3,15,4,1,2,14,TGCGCAAACAGGAAATTATCAAAGTGACAGAGCAGCTGATCGAAGCCATAAGCAATGGAGACTTTGAGTCCTACAC,VRKQEIIKVTEQLIEAISNGDFESY,60977940,60978015,2,19,V,1,1,60977940,60977941,1,0,TG
351,mus_musculus,ENSMUSG00000024617,ENSMUST00000102888,ENSMUSE00000659240,ENSMUSE00000659240_SE_17,4_2,1,3,15,4,1,2,14,TGCGCAAACAGGAAATTATCAAAGTGACAGAGCAGCTGATCGAAGCCATAAGCAATGGAGACTTTGAGTCCTACAC,VRKQEIIKVTEQLIEAISNGDFESY,60977940,60978015,2,20,RKQEIIKVTEQLIEAISNGDFESY,2,25,60977942,60978015,0,2,CGCAAACAGGAAATTATCAAAGTGACAGAGCAGCTGATCGAAGCCATAAGCAATGGAGACTTTGAGTCCTACAC
352,mus_musculus,ENSMUSG00000024617,ENSMUST00000102888,ENSMUSE00000659239,ENSMUSE00000659239_SE_18,12_0,1,3,16,12,2,1,15,GAAGATGTGCGACCCTGGAATGACAGCCTTTGAACCAGAGGCCCTGGGGAACCTGGTGGAGGGCCTGGACTTTCATCGATTCTATTTTGAAAACC,TKMCDPGMTAFEPEALGNLVEGLDFHRFYFEN,60980060,60980154,2,21,TKMCDPGMTAFEPEALGNLVEGLDFHRFYFEN,1,32,60980060,60980154,2,1,GAAGATGTGCGACCCTGGAATGACAGCCTTTGAACCAGAGGCCCTGGGGAACCTGGTGGAGGGCCTGGACTTTCATCGATTCTATTTTGAAAACC
353,mus_musculus,ENSMUSG00000024617,ENSMUST00000102888,ENSMUSE00000662921,ENSMUSE00000662921_SE_19,1_1,1,3,17,1,1,2,16,TGTGGTCCCGGAACAGCAAGCCCGTGCACACCACCATCCTGAACCCTCACATCCACCTGATGGGTGACGAGTCAGCCTGCATCGCCTATATCCGCATCACTCAGTACCTGGATGCAGGCGGCATACCCCGCACGGCCCAGTCAGAGGAGACCCGCGTCTGGCACCGCAGGGACGGCAAATGGCAGATCGTCCACTTCCACAGATCTGGGGCGCCCTCCGTCCTGCCGCA,LWSRNSKPVHTTILNPHIHLMGDESACIAYIRITQYLDAGGIPRTAQSEETRVWHRRDGKWQIVHFHRSGAPSVLP,60984326,60984554,2,22,LWSRNSKPVHTTILNPHIHLMGDESACIAYIRITQYLDAGGIPRTAQSEETRVWHRRDGKWQIVHFHRSGAPSVLP,1,76,60984326,60984554,1,2,TGTGGTCCCGGAACAGCAAGCCCGTGCACACCACCATCCTGAACCCTCACATCCACCTGATGGGTGACGAGTCAGCCTGCATCGCCTATATCCGCATCACTCAGTACCTGGATGCAGGCGGCATACCCCGCACGGCCCAGTCAGAGGAGACCCGCGTCTGGCACCGCAGGGACGGCAAATGGCAGATCGTCCACTTCCACAGATCTGGGGCGCCCTCCGTCCTGCCGCA
354,mus_musculus,ENSMUSG00000024617,ENSMUST00000102888,ENSMUSE00000662918/ENSMUSE00000662920,ENSMUSE00000662918_SE_20,0_18,1,3,18,0,2,0,17,TTGA,H*,60984777,60984780,2,23,H,1,1,60984777,60984780,2,0,TTGA
355,mus_musculus,ENSMUSG00000024617,ENSMUST00000115295,ENSMUSE00000662919,ENSMUSE00000662919_SE_13,7_0,1,3,1,7,0,1,0,ATGCTGCTCTTTCTCACGCTGTGGGCCCTGGTGCCTTGCCTGGTGTTGCTAACCCTCTACTTTCTCTCCTCCACAG,MLLFLTLWALVPCLVLLTLYFLSST,60963847,60963922,1,1,MLLFLTLWALVPCLVLLTLYFLSST,1,25,60963847,60963922,0,1,ATGCTGCTCTTTCTCACGCTGTGGGCCCTGGTGCCTTGCCTGGTGTTGCTAACCCTCTACTTTCTCTCCTCCACAG
356,mus_musculus,ENSMUSG00000024617,ENSMUST00000115295,ENSMUSE00000662919,ENSMUSE00000507603_SE_14/ENSMUSE00000662919_SE_14,7_1,1,3,1,7,1,0,1,GAGGGAAGAGCGGAGGAAACAAGAAGAACGATGGTGTGAAG,GGKSGGNKKNDGVK,60963923,60963963,2,2,G,1,1,60963923,60963924,1,0,GA
357,mus_musculus,ENSMUSG00000024617,ENSMUST00000115295,ENSMUSE00000662919,ENSMUSE00000507603_SE_14/ENSMUSE00000662919_SE_14,7_2,1,3,1,7,1,0,1,GAGGGAAGAGCGGAGGAAACAAGAAGAACGATGGTGTGAAG,GGKSGGNKKNDGVK,60963923,60963963,2,3,GKSGGNKKNDGVK,2,14,60963925,60963963,0,0,GGGAAGAGCGGAGGAAACAAGAAGAACGATGGTGTGAAG
358,mus_musculus,ENSMUSG00000024617,ENSMUST00000115295,ENSMUSE00000295192,ENSMUSE00000295192_SE_15,24_0,1,3,2,24,0,0,2,AAAAGAAAGTCCAGTTCCAGCGTTCAGTTAATG,KRKSSSSVQLM,60969011,60969043,1,4,KRKSSSSVQLM,1,11,60969011,60969043,0,0,AAAAGAAAGTCCAGTTCCAGCGTTCAGTTAATG
359,mus_musculus,ENSMUSG00000024617,ENSMUST00000115295,ENSMUSE00000659241,ENSMUSE00000659241_SE_16,6_1,1,3,3,6,0,1,3,GAATCTTCTGAGAGCACCAACACCACCATTGAGGACGAAGACACCAAAG,ESSESTNTTIEDEDTK,60969994,60970042,2,5,ESSESTNTTIEDEDTK,1,16,60969994,60970042,0,1,GAATCTTCTGAGAGCACCAACACCACCATTGAGGACGAAGACACCAAAG
360,mus_musculus,ENSMUSG00000024617,ENSMUST00000115295,ENSMUSE00000659240,ENSMUSE00000659240_SE_17,4_1,1,3,4,4,1,2,4,TGCGCAAACAGGAAATTATCAAAGTGACAGAGCAGCTGATCGAAGCCATAAGCAATGGAGACTTTGAGTCCTACAC,VRKQEIIKVTEQLIEAISNGDFESY,60977940,60978015,2,6,V,1,1,60977940,60977941,1,0,TG
361,mus_musculus,ENSMUSG00000024617,ENSMUST00000115295,ENSMUSE00000659240,ENSMUSE00000659240_SE_17,4_2,1,3,4,4,1,2,4,TGCGCAAACAGGAAATTATCAAAGTGACAGAGCAGCTGATCGAAGCCATAAGCAATGGAGACTTTGAGTCCTACAC,VRKQEIIKVTEQLIEAISNGDFESY,60977940,60978015,2,7,RKQEIIKVTEQLIEAISNGDFESY,2,25,60977942,60978015,0,2,CGCAAACAGGAAATTATCAAAGTGACAGAGCAGCTGATCGAAGCCATAAGCAATGGAGACTTTGAGTCCTACAC
362,mus_musculus,ENSMUSG00000024617,ENSMUST00000115295,ENSMUSE00000659239,ENSMUSE00000659239_SE_18,12_0,1,3,5,12,2,1,5,GAAGATGTGCGACCCTGGAATGACAGCCTTTGAACCAGAGGCCCTGGGGAACCTGGTGGAGGGCCTGGACTTTCATCGATTCTATTTTGAAAACC,TKMCDPGMTAFEPEALGNLVEGLDFHRFYFEN,60980060,60980154,2,8,TKMCDPGMTAFEPEALGNLVEGLDFHRFYFEN,1,32,60980060,60980154,2,1,GAAGATGTGCGACCCTGGAATGACAGCCTTTGAACCAGAGGCCCTGGGGAACCTGGTGGAGGGCCTGGACTTTCATCGATTCTATTTTGAAAACC
363,mus_musculus,ENSMUSG00000024617,ENSMUST00000115295,ENSMUSE00000662921,ENSMUSE00000662921_SE_19,1_1,1,3,6,1,1,2,6,TGTGGTCCCGGAACAGCAAGCCCGTGCACACCACCATCCTGAACCCTCACATCCACCTGATGGGTGACGAGTCAGCCTGCATCGCCTATATCCGCATCACTCAGTACCTGGATGCAGGCGGCATACCCCGCACGGCCCAGTCAGAGGAGACCCGCGTCTGGCACCGCAGGGACGGCAAATGGCAGATCGTCCACTTCCACAGATCTGGGGCGCCCTCCGTCCTGCCGCA,LWSRNSKPVHTTILNPHIHLMGDESACIAYIRITQYLDAGGIPRTAQSEETRVWHRRDGKWQIVHFHRSGAPSVLP,60984326,60984554,2,9,LWSRNSKPVHTTILNPHIHLMGDESACIAYIRITQYLDAGGIPRTAQSEETRVWHRRDGKWQIVHFHRSGAPSVLP,1,76,60984326,60984554,1,2,TGTGGTCCCGGAACAGCAAGCCCGTGCACACCACCATCCTGAACCCTCACATCCACCTGATGGGTGACGAGTCAGCCTGCATCGCCTATATCCGCATCACTCAGTACCTGGATGCAGGCGGCATACCCCGCACGGCCCAGTCAGAGGAGACCCGCGTCTGGCACCGCAGGGACGGCAAATGGCAGATCGTCCACTTCCACAGATCTGGGGCGCCCTCCGTCCTGCCGCA
364,mus_musculus,ENSMUSG00000024617,ENSMUST00000115295,ENSMUSE00000662918/ENSMUSE00000662920,ENSMUSE00000662918_SE_20,0_19,1,3,7,0,2,0,7,TTGA,H*,60984777,60984780,2,10,H,1,1,60984777,60984780,2,0,TTGA
365,mus_musculus,ENSMUSG00000024617,ENSMUST00000115297,ENSMUSE00000702374/ENSMUSE00000793151,ENSMUSE00000702374_SE_0,20_0,1,3,1,20,0,2,0,ATGGCTACCATCACCTGCACCCGATTCACAGAAGAGTACCAGCTCTTTGAGGAACTGGGAAA,MATITCTRFTEEYQLFEELG,60925779,60925840,2,1,MATITCTRFTEEYQLFEELG,1,20,60925779,60925840,0,2,ATGGCTACCATCACCTGCACCCGATTCACAGAAGAGTACCAGCTCTTTGAGGAACTGGGAAA
366,mus_musculus,ENSMUSG00000024617,ENSMUST00000115297,ENSMUSE00000143832,ENSMUSE00000143832_SE_1,13_0,1,3,2,13,2,1,1,GGGAGCCTTCTCTGTGGTGCGCAGGTGTGTGAAGGTGCTGGCTGGTCAGGAGTATGCTGCCAAGATTATCAACACCAAGAAGCTTTCAGCCAGAG,KGAFSVVRRCVKVLAGQEYAAKIINTKKLSAR,60941287,60941381,2,2,KGA,1,3,60941287,60941293,2,0,GGGAGCC
367,mus_musculus,ENSMUSG00000024617,ENSMUST00000115297,ENSMUSE00000143832,ENSMUSE00000143832_SE_1,13_1,1,3,2,13,2,1,1,GGGAGCCTTCTCTGTGGTGCGCAGGTGTGTGAAGGTGCTGGCTGGTCAGGAGTATGCTGCCAAGATTATCAACACCAAGAAGCTTTCAGCCAGAG,KGAFSVVRRCVKVLAGQEYAAKIINTKKLSAR,60941287,60941381,2,3,FSVVRRCVKVLAGQEYAAKIINTKKLSAR,4,32,60941294,60941381,0,1,TTCTCTGTGGTGCGCAGGTGTGTGAAGGTGCTGGCTGGTCAGGAGTATGCTGCCAAGATTATCAACACCAAGAAGCTTTCAGCCAGAG
368,mus_musculus,ENSMUSG00000024617,ENSMUST00000115297,ENSMUSE00000702373,ENSMUSE00000702373_SE_2,3_0,1,3,3,3,1,0,2,GGGGCTTTTACAGCTGTCACTTTTGGCAATATTCTCTAAACTTCTCCTGCTGCCTCTCTGGGATGACATCCTGCAGCTCTCTGCAGGAGCAGACCTACCCAGGGCGTCTATCCACCCCTTTCAGCAAGCTGTGGCCTCCTCTAGCACACACCCTGCCTGGCCTCTTCTAG,GGFYSCHFWQYSLNFSCCLSGMTSCSSLQEQTYPGRLSTPFSKLWPPLAHTLPGLF*,60943109,60943278,1,4,GGFYSCHFWQYSLNFSCCLSGMTSCSSLQEQTYPGRLSTPFSKLWPPLAHTLPGLF,1,56,60943109,60943278,1,0,GGGGCTTTTACAGCTGTCACTTTTGGCAATATTCTCTAAACTTCTCCTGCTGCCTCTCTGGGATGACATCCTGCAGCTCTCTGCAGGAGCAGACCTACCCAGGGCGTCTATCCACCCCTTTCAGCAAGCTGTGGCCTCCTCTAGCACACACCCTGCCTGGCCTCTTCTAG
369,ornithorhynchus_anatinus,ENSOANG00000002299,ENSOANT00000003647,ENSOANE00000219507,ENSOANE00000219507_SE_0,11_0,1,1,1,11,0,0,0,ATGTATGGGGATGGGAGGGGACAGGCGTGTGCACACTACATACGTGCATGGGTTGGGAAGTGTTGGAGGGTCTCCAGGGGAGGTGCAGGACTTGAACTGGGCAAG,MYGDGRGQACAHYIRAWVGKCWRVSRGGAGLELGK,29051436,29051540,1,1,MYGDGRGQACAHYIRAWVGKCWRVSRGGAGLELGK,1,35,29051436,29051540,0,0,ATGTATGGGGATGGGAGGGGACAGGCGTGTGCACACTACATACGTGCATGGGTTGGGAAGTGTTGGAGGGTCTCCAGGGGAGGTGCAGGACTTGAACTGGGCAAG
370,ornithorhynchus_anatinus,ENSOANG00000002299,ENSOANT00000003647,ENSOANE00000025180,ENSOANE00000025180_SE_1,13_0,1,1,2,13,0,1,1,GGCGCCTTTTCCATCGTGCGCAGGTGCGTGAAGGTGCTGGCAGGGCAGGAATATGCTGCCAAGATCATCAACACCAAGAAGTTGTCTGCCAGAG,GAFSIVRRCVKVLAGQEYAAKIINTKKLSAR,29054908,29055001,1,2,GA,1,2,29054908,29054910,0,0,GGC
371,ornithorhynchus_anatinus,ENSOANG00000002299,ENSOANT00000003647,ENSOANE00000025180,ENSOANE00000025180_SE_1,13_1,1,1,2,13,0,1,1,GGCGCCTTTTCCATCGTGCGCAGGTGCGTGAAGGTGCTGGCAGGGCAGGAATATGCTGCCAAGATCATCAACACCAAGAAGTTGTCTGCCAGAG,GAFSIVRRCVKVLAGQEYAAKIINTKKLSAR,29054908,29055001,1,3,FSIVRRCVKVLAGQEYAAKIINTKKLSAR,3,31,29054911,29055001,0,1,GCCTTTTCCATCGTGCGCAGGTGCGTGAAGGTGCTGGCAGGGCAGGAATATGCTGCCAAGATCATCAACACCAAGAAGTTGTCTGCCAGAG
372,ornithorhynchus_anatinus,ENSOANG00000002299,ENSOANT00000003647,ENSOANE00000025187,ENSOANE00000025187_SE_2,21_0,1,1,3,21,1,1,2,ATCATCAGAAGCTGGAGCGAGAGGCTCGGATCTGCCGTCTTCTGAAGCATCCCAACATAG,DHQKLEREARICRLLKHPNI,29065689,29065748,1,4,DHQKLEREARICRLLKHPNI,1,20,29065689,29065748,1,1,ATCATCAGAAGCTGGAGCGAGAGGCTCGGATCTGCCGTCTTCTGAAGCATCCCAACATAG
373,ornithorhynchus_anatinus,ENSOANG00000002299,ENSOANT00000003647,ENSOANE00000025190,ENSOANE00000025190_SE_3,23_0,1,1,4,23,1,2,3,TCAGACTCCATGACAGCATATCAGAGGAGGGGCACCACTACCTGATATTTGACCT,VRLHDSISEEGHHYLIFD,29072849,29072903,1,5,VRLHDSISEEGHHYLIFD,1,18,29072849,29072903,1,2,TCAGACTCCATGACAGCATATCAGAGGAGGGGCACCACTACCTGATATTTGACCT
374,ornithorhynchus_anatinus,ENSOANG00000002299,ENSOANT00000003647,ENSOANE00000025194,ENSOANE00000025194_SE_4,19_0,1,1,5,19,2,2,4,GGTCACAGGTGGGGAGCTGTTTGAGGACATCGTGGCCAGAGAATACTACAGCGAAGCGGATGCCAG,LVTGGELFEDIVAREYYSEADA,29075721,29075786,1,6,LVTGGELFEDIVAREYYSEADA,1,22,29075721,29075786,2,2,GGTCACAGGTGGGGAGCTGTTTGAGGACATCGTGGCCAGAGAATACTACAGCGAAGCGGATGCCAG
375,ornithorhynchus_anatinus,ENSOANG00000002299,ENSOANT00000003647,ENSOANE00000025199,ENSOANE00000025199_SE_5,18_0,1,1,6,18,2,0,5,TCACTGCATTCAGCAAATCCTGGAGGCTGTCCTACATTGCCACCAAATGGGTGTGGTGCACAGAGACTTGAAG,SHCIQQILEAVLHCHQMGVVHRDLK,29076239,29076311,1,7,SHCIQQILEAVLHCHQMGVVHRDLK,1,25,29076239,29076311,2,0,TCACTGCATTCAGCAAATCCTGGAGGCTGTCCTACATTGCCACCAAATGGGTGTGGTGCACAGAGACTTGAAG
376,ornithorhynchus_anatinus,ENSOANG00000002299,ENSOANT00000003647,ENSOANE00000025205,ENSOANE00000025205_SE_6,10_0,1,1,7,10,0,1,6,CCGGAGAACCTCCTGCTAGCTTCCAAGCTCAAGGGAGCAGCAGTGAAGCTGGCTGACTTTGGCCTGGCGATCGAAGTGGAAGGGGAGCAGCAGGCCTGGTTTG,PENLLLASKLKGAAVKLADFGLAIEVEGEQQAWF,29082299,29082401,1,8,PENLLLASKLKGAA,1,14,29082299,29082337,0,0,CCGGAGAACCTCCTGCTAGCTTCCAAGCTCAAGGGAGCA
377,ornithorhynchus_anatinus,ENSOANG00000002299,ENSOANT00000003647,ENSOANE00000025205,ENSOANE00000025205_SE_6,10_1,1,1,7,10,0,1,6,CCGGAGAACCTCCTGCTAGCTTCCAAGCTCAAGGGAGCAGCAGTGAAGCTGGCTGACTTTGGCCTGGCGATCGAAGTGGAAGGGGAGCAGCAGGCCTGGTTTG,PENLLLASKLKGAAVKLADFGLAIEVEGEQQAWF,29082299,29082401,1,9,VKLADFGLAIEVEGEQQA,15,32,29082338,29082391,0,0,GCAGTGAAGCTGGCTGACTTTGGCCTGGCGATCGAAGTGGAAGGGGAGCAGCAG
378,ornithorhynchus_anatinus,ENSOANG00000002299,ENSOANT00000003647,ENSOANE00000025205,ENSOANE00000025205_SE_6,10_2,1,1,7,10,0,1,6,CCGGAGAACCTCCTGCTAGCTTCCAAGCTCAAGGGAGCAGCAGTGAAGCTGGCTGACTTTGGCCTGGCGATCGAAGTGGAAGGGGAGCAGCAGGCCTGGTTTG,PENLLLASKLKGAAVKLADFGLAIEVEGEQQAWF,29082299,29082401,1,10,WF,33,34,29082392,29082401,0,1,GCCTGGTTTG
379,ornithorhynchus_anatinus,ENSOANG00000002299,ENSOANT00000003647,ENSOANE00000025207,ENSOANE00000025207_SE_7,17_1,1,1,8,17,1,1,7,GTTTTGCAGGGACTCCAGGGTACCTCTCTCCAGAAGTGCTCAGGAAAGACCCCTACGGGAAGCCTGTGGATCTGTGGGCTTGTG,GFAGTPGYLSPEVLRKDPYGKPVDLWAC,29083563,29083646,1,11,GFAGTPGYLSPEVLRKDPYGKPVDLWAC,1,28,29083563,29083646,1,1,GTTTTGCAGGGACTCCAGGGTACCTCTCTCCAGAAGTGCTCAGGAAAGACCCCTACGGGAAGCCTGTGGATCTGTGGGCTTGTG
380,ornithorhynchus_anatinus,ENSOANG00000002299,ENSOANT00000003647,ENSOANE00000025210,ENSOANE00000025210_SE_8,14_0,1,1,9,14,1,0,8,GTGTGATCCTGTACATCCTATTGGTTGGGTATCCCCCATTCTGGGATGAAGACCAACACCGACTGTACCAGCAGATCAAAGCTGGGGCCTATGAT,GVILYILLVGYPPFWDEDQHRLYQQIKAGAYD,29085471,29085565,1,12,GVILYILLVGYPPFWDEDQHRLYQQIKAGAYD,1,32,29085471,29085565,1,0,GTGTGATCCTGTACATCCTATTGGTTGGGTATCCCCCATTCTGGGATGAAGACCAACACCGACTGTACCAGCAGATCAAAGCTGGGGCCTATGAT
381,ornithorhynchus_anatinus,ENSOANG00000002299,ENSOANT00000003647,ENSOANE00000025212,ENSOANE00000025212_SE_9,5_2,1,1,10,5,0,0,9,TTCCCATCCCCCGAGTGGGATACGGTCACCCCTGAAGCAAAGGACCTCATCAACAAGATGCTGACCATCAACCCCTCCAAGCGCATTGCGGCCGCCGAAGCCCTGAAACACCCCTGGATATCG,FPSPEWDTVTPEAKDLINKMLTINPSKRIAAAEALKHPWIS,29086357,29086479,1,13,FPSPEWDTVTPEAKDLINKMLTINPSKRIAAAEALKHPWIS,1,41,29086357,29086479,0,0,TTCCCATCCCCCGAGTGGGATACGGTCACCCCTGAAGCAAAGGACCTCATCAACAAGATGCTGACCATCAACCCCTCCAAGCGCATTGCGGCCGCCGAAGCCCTGAAACACCCCTGGATATCG
382,ornithorhynchus_anatinus,ENSOANG00000002299,ENSOANT00000003647,ENSOANE00000025215,ENSOANE00000025215_SE_10,9_0,1,1,11,9,0,0,10,CATCGCTCCACTGTGGCTTCCTGCATGCACAGGCAAGAGACGGTGGACTGCCTGAAGAAATTCAATGCTCGGAGGAAACTGAAG,HRSTVASCMHRQETVDCLKKFNARRKLK,29086963,29087046,1,14,HRSTVASCMHRQETVDCLKKFNARRKLK,1,28,29086963,29087046,0,0,CATCGCTCCACTGTGGCTTCCTGCATGCACAGGCAAGAGACGGTGGACTGCCTGAAGAAATTCAATGCTCGGAGGAAACTGAAG
383,ornithorhynchus_anatinus,ENSOANG00000002299,ENSOANT00000003647,ENSOANE00000025218,ENSOANE00000025218_SE_11,15_0,1,1,12,15,0,1,11,GGGGCTATCCTCACCACCATGCTGGCCACCCGAAACTTCTCTG,GAILTTMLATRNFS,29088636,29088678,1,15,GAILTTMLATRNFS,1,14,29088636,29088678,0,1,GGGGCTATCCTCACCACCATGCTGGCCACCCGAAACTTCTCTG
384,ornithorhynchus_anatinus,ENSOANG00000002299,ENSOANT00000003647,ENSOANE00000025238,ENSOANE00000025238_SE_12,7_1,1,1,13,7,1,0,12,GAGGGAAGAGCGGGGGCAATAAGAAGAATGATGGCGTGAAG,GGKSGGNKKNDGVK,29092976,29093016,1,16,G,1,1,29092976,29092977,1,0,GA
385,ornithorhynchus_anatinus,ENSOANG00000002299,ENSOANT00000003647,ENSOANE00000025238,ENSOANE00000025238_SE_12,7_2,1,1,13,7,1,0,12,GAGGGAAGAGCGGGGGCAATAAGAAGAATGATGGCGTGAAG,GGKSGGNKKNDGVK,29092976,29093016,1,17,GKSGGNKKNDGVK,2,14,29092978,29093016,0,0,GGGAAGAGCGGGGGCAATAAGAAGAATGATGGCGTGAAG
386,ornithorhynchus_anatinus,ENSOANG00000002299,ENSOANT00000003647,ENSOANE00000025223,ENSOANE00000025223_SE_13,6_1,1,1,14,6,0,1,13,GAATCCTCTGAGAGTACGAACACCACCATCGAGGATGAAGACACCAAAG,ESSESTNTTIEDEDTK,29098989,29099037,1,18,ESSESTNTTIEDEDTK,1,16,29098989,29099037,0,1,GAATCCTCTGAGAGTACGAACACCACCATCGAGGATGAAGACACCAAAG
387,ornithorhynchus_anatinus,ENSOANG00000002299,ENSOANT00000003647,ENSOANE00000025226,ENSOANE00000025226_SE_14,4_1,1,1,15,4,1,2,14,TGAGAAAACAGGAAATTATTAAGGTGACCGAACAGCTGATTGAAGCAATAAGCAACGGTGATTTTGAGTCCTACAC,VRKQEIIKVTEQLIEAISNGDFESY,29105795,29105870,1,19,V,1,1,29105795,29105796,1,0,TG
388,ornithorhynchus_anatinus,ENSOANG00000002299,ENSOANT00000003647,ENSOANE00000025226,ENSOANE00000025226_SE_14,4_2,1,1,15,4,1,2,14,TGAGAAAACAGGAAATTATTAAGGTGACCGAACAGCTGATTGAAGCAATAAGCAACGGTGATTTTGAGTCCTACAC,VRKQEIIKVTEQLIEAISNGDFESY,29105795,29105870,1,20,RKQEIIKVTEQLIEAISNGDFESY,2,25,29105797,29105870,0,2,AGAAAACAGGAAATTATTAAGGTGACCGAACAGCTGATTGAAGCAATAAGCAACGGTGATTTTGAGTCCTACAC
389,ornithorhynchus_anatinus,ENSOANG00000002299,ENSOANT00000003647,ENSOANE00000025228,ENSOANE00000025228_SE_15,12_0,1,1,16,12,2,1,15,GAAGATGTGCGATCCCGGTATGACGGCCTTTGAACCCGAGGCTCTAGGGAACCTGGTTGAGGGCCTGGATTTCCATCGATTCTACTTTGAAAACC,TKMCDPGMTAFEPEALGNLVEGLDFHRFYFEN,29109466,29109560,1,21,TKMCDPGMTAFEPEALGNLVEGLDFHRFYFEN,1,32,29109466,29109560,2,1,GAAGATGTGCGATCCCGGTATGACGGCCTTTGAACCCGAGGCTCTAGGGAACCTGGTTGAGGGCCTGGATTTCCATCGATTCTACTTTGAAAACC
390,ornithorhynchus_anatinus,ENSOANG00000002299,ENSOANT00000003647,ENSOANE00000025230,ENSOANE00000025230_SE_16,1_1,1,1,17,1,1,2,16,TGTGGTCCAGGAACAGCAAACCAGTCCATACTACCATCCTGAACCCGCACATCCACTTGATGGGCGACGAGTCGGCCTGTATCGCCTACATCCGCATCACGCAGTACGTGGATGCGGGTGGCGTGCCCCGTACCGCGCAATCTGAGGAGACCCGCATCTGGCACCGCCGGGATGGCAAGTGGCAGATCGTCCATTTCCACAGATCTGGAGCGCCCTCCGTCCTGCCGCA,LWSRNSKPVHTTILNPHIHLMGDESACIAYIRITQYVDAGGVPRTAQSEETRIWHRRDGKWQIVHFHRSGAPSVLP,29111918,29112146,1,22,LWSRNSKPVHTTILNPHIHLMGDESACIAYIRITQYVDAGGVPRTAQSEETRIWHRRDGKWQIVHFHRSGAPSVLP,1,76,29111918,29112146,1,2,TGTGGTCCAGGAACAGCAAACCAGTCCATACTACCATCCTGAACCCGCACATCCACTTGATGGGCGACGAGTCGGCCTGTATCGCCTACATCCGCATCACGCAGTACGTGGATGCGGGTGGCGTGCCCCGTACCGCGCAATCTGAGGAGACCCGCATCTGGCACCGCCGGGATGGCAAGTGGCAGATCGTCCATTTCCACAGATCTGGAGCGCCCTCCGTCCTGCCGCA
391,ornithorhynchus_anatinus,ENSOANG00000002299,ENSOANT00000003647,ENSOANE00000221535,ENSOANE00000221535_SE_17,0_20,1,1,18,0,2,0,17,CTGA,H*,29113492,29113495,1,23,H,1,1,29113492,29113495,2,0,CTGA
392,rattus_norvegicus,ENSRNOG00000018712,ENSRNOT00000041533,ENSRNOE00000560528,ENSRNOE00000483751_SE_0/ENSRNOE00000560528_SE_0,20_0,1,2,1,20,0,2,0,ATGGCTACCATCACCTGCACCCGATTCACGGAAGAGTACCAGCTCTTCGAGGAACTGGGAAA,MATITCTRFTEEYQLFEELG,56194019,56194080,2,1,MATITCTRFTEEYQLFEELG,1,20,56194019,56194080,0,2,ATGGCTACCATCACCTGCACCCGATTCACGGAAGAGTACCAGCTCTTCGAGGAACTGGGAAA
393,rattus_norvegicus,ENSRNOG00000018712,ENSRNOT00000041533,ENSRNOE00000429042,ENSRNOE00000429042_SE_1,13_0,1,2,2,13,2,1,1,GGGAGCCTTCTCCGTGGTGCGCAGGTGTGTGAAGGTGCTGGCTGGCCAGGAGTATGCTGCCAAGATTATCAACACCAAGAAGCTCTCAGCCAGAG,KGAFSVVRRCVKVLAGQEYAAKIINTKKLSAR,56209614,56209708,2,2,KGA,1,3,56209614,56209620,2,0,GGGAGCC
394,rattus_norvegicus,ENSRNOG00000018712,ENSRNOT00000041533,ENSRNOE00000429042,ENSRNOE00000429042_SE_1,13_1,1,2,2,13,2,1,1,GGGAGCCTTCTCCGTGGTGCGCAGGTGTGTGAAGGTGCTGGCTGGCCAGGAGTATGCTGCCAAGATTATCAACACCAAGAAGCTCTCAGCCAGAG,KGAFSVVRRCVKVLAGQEYAAKIINTKKLSAR,56209614,56209708,2,3,FSVVRRCVKVLAGQEYAAKIINTKKLSAR,4,32,56209621,56209708,0,1,TTCTCCGTGGTGCGCAGGTGTGTGAAGGTGCTGGCTGGCCAGGAGTATGCTGCCAAGATTATCAACACCAAGAAGCTCTCAGCCAGAG
395,rattus_norvegicus,ENSRNOG00000018712,ENSRNOT00000041533,ENSRNOE00000484872,ENSRNOE00000484872_SE_2,21_0,1,2,3,21,1,1,2,ATCACCAGAAGTTGGAACGCGAGGCCCGCATCTGCCGCTTGTTGAAGCACCCCAATATCG,DHQKLEREARICRLLKHPNI,56215773,56215832,2,4,DHQKLEREARICRLLKHPNI,1,20,56215773,56215832,1,1,ATCACCAGAAGTTGGAACGCGAGGCCCGCATCTGCCGCTTGTTGAAGCACCCCAATATCG
396,rattus_norvegicus,ENSRNOG00000018712,ENSRNOT00000041533,ENSRNOE00000498530,ENSRNOE00000498530_SE_3,23_0,1,2,4,23,1,2,3,TCCGACTCCATGACAGCATCTCCGAGGAGGGGCACCACTACCTTATCTTCGATCT,VRLHDSISEEGHHYLIFD,56219933,56219987,2,5,VRLHDSISEEGHHYLIFD,1,18,56219933,56219987,1,2,TCCGACTCCATGACAGCATCTCCGAGGAGGGGCACCACTACCTTATCTTCGATCT
397,rattus_norvegicus,ENSRNOG00000018712,ENSRNOT00000041533,ENSRNOE00000502894,ENSRNOE00000502894_SE_4,19_0,1,2,5,19,2,2,4,GGTCACTGGTGGGGAGCTGTTCGAAGACATTGTGGCCCGGGAGTATTACAGTGAGGCTGATGCCAG,LVTGGELFEDIVAREYYSEADA,56220768,56220833,2,6,LVTGGELFEDIVAREYYSEADA,1,22,56220768,56220833,2,2,GGTCACTGGTGGGGAGCTGTTCGAAGACATTGTGGCCCGGGAGTATTACAGTGAGGCTGATGCCAG
398,rattus_norvegicus,ENSRNOG00000018712,ENSRNOT00000041533,ENSRNOE00000437671,ENSRNOE00000437671_SE_5,18_0,1,2,6,18,2,0,5,CCACTGTATCCAGCAGATCCTGGAGGCTGTGCTACACTGTCACCAGATGGGGGTGGTGCATCGCGACCTGAAG,SHCIQQILEAVLHCHQMGVVHRDLK,56220920,56220992,2,7,SHCIQQILEAVLHCHQMGVVHRDLK,1,25,56220920,56220992,2,0,CCACTGTATCCAGCAGATCCTGGAGGCTGTGCTACACTGTCACCAGATGGGGGTGGTGCATCGCGACCTGAAG
399,rattus_norvegicus,ENSRNOG00000018712,ENSRNOT00000041533,ENSRNOE00000541158,ENSRNOE00000541158_SE_6,10_0,1,2,7,10,0,0,6,CCTGAGAATCTGTTGCCTGGTTCGAAGCTCAAGGGG,PENLLPGSKLKG,56224264,56224299,2,8,PENLLPGSKLKG,1,12,56224264,56224299,0,0,CCTGAGAATCTGTTGCCTGGTTCGAAGCTCAAGGGG
400,rattus_norvegicus,ENSRNOG00000018712,ENSRNOT00000041533,ENSRNOE00000548710,ENSRNOE00000540105_SE_7/ENSRNOE00000548710_SE_7,5_0,1,2,8,0,0,0,7,GCGGTGAAA,AVK,56224302,56224310,2,9,AVK,1,3,56224302,56224310,0,0,GCGGTGAAA
401,rattus_norvegicus,ENSRNOG00000018712,ENSRNOT00000041533,ENSRNOE00000535420,ENSRNOE00000535420_SE_9_10,0_21,1,2,9,0,0,0,9,TTGGCA,LA,56224312,56224317,1,10,LA,1,2,56224312,56224317,0,0,TTGGCA
402,rattus_norvegicus,ENSRNOG00000018712,ENSRNOT00000041533,ENSRNOE00000527008,ENSRNOE00000527008_SE_11/ENSRNOE00000528784_SE_11,10_1,1,2,10,10,0,0,10,GACTTTTGGCTGGCCATAGAGGTTGAGGGAGAGCAGAAGGCA,DFWLAIEVEGEQKA,56224319,56224360,2,11,DFWLAIEVEGEQKA,1,14,56224319,56224360,0,0,GACTTTTGGCTGGCCATAGAGGTTGAGGGAGAGCAGAAGGCA
403,rattus_norvegicus,ENSRNOG00000018712,ENSRNOT00000041533,ENSRNOE00000566943,ENSRNOE00000566943_SE_13_14,0_22,1,2,11,0,0,1,12,TGGTTTG,WF,56224362,56224368,1,12,WF,1,2,56224362,56224368,0,1,TGGTTTG
404,rattus_norvegicus,ENSRNOG00000018712,ENSRNOT00000041533,ENSRNOE00000488989,ENSRNOE00000488989_SE_17/ENSRNOE00000539368_SE_17,17_1,1,2,12,17,1,1,13,GGTTCGCAGGGACACCTGGATACCTCTCCCCAGAAGTGCTGCGGAAGGACCCATACGGGAAGCCTGTGGACCTGTGGGCCTGTG,GFAGTPGYLSPEVLRKDPYGKPVDLWAC,56225976,56226059,2,13,GFAGTPGYLSPEVLRKDPYGKPVDLWAC,1,28,56225976,56226059,1,1,GGTTCGCAGGGACACCTGGATACCTCTCCCCAGAAGTGCTGCGGAAGGACCCATACGGGAAGCCTGTGGACCTGTGGGCCTGTG
405,rattus_norvegicus,ENSRNOG00000018712,ENSRNOT00000041533,ENSRNOE00000505428,ENSRNOE00000505428_SE_18,14_0,1,2,13,14,1,0,14,GCGTCATCCTGTATATCTTGCTGGTTGGGTATCCCCCATTCTGGGATGAGGACCAGCACCGCCTGTACCAGCAGATCAAAGCTGGTGCCTACGAT,GVILYILLVGYPPFWDEDQHRLYQQIKAGAYD,56226171,56226265,2,14,GVILYILLVGYPPFWDEDQHRLYQQIKAGAYD,1,32,56226171,56226265,1,0,GCGTCATCCTGTATATCTTGCTGGTTGGGTATCCCCCATTCTGGGATGAGGACCAGCACCGCCTGTACCAGCAGATCAAAGCTGGTGCCTACGAT
406,rattus_norvegicus,ENSRNOG00000018712,ENSRNOT00000041533,ENSRNOE00000484394,ENSRNOE00000484394_SE_19,5_2,1,2,14,5,0,0,15,TTCCCATCACCAGAATGGGACACCGTCACCCCGGAAGCCAAGGATCTGATCAATAAGATGCTGACCATCAACCCGTCCAAACGCATCACGGCCGCTGAGGCTCTCAAGCACCCCTGGATCTCG,FPSPEWDTVTPEAKDLINKMLTINPSKRITAAEALKHPWIS,56227104,56227226,2,15,FPSPEWDTVTPEAKDLINKMLTINPSKRITAAEALKHPWIS,1,41,56227104,56227226,0,0,TTCCCATCACCAGAATGGGACACCGTCACCCCGGAAGCCAAGGATCTGATCAATAAGATGCTGACCATCAACCCGTCCAAACGCATCACGGCCGCTGAGGCTCTCAAGCACCCCTGGATCTCG
407,rattus_norvegicus,ENSRNOG00000018712,ENSRNOT00000041533,ENSRNOE00000500003,ENSRNOE00000500003_SE_20,9_0,1,2,15,9,0,0,16,CACCGCTCCACTGTGGCCTCCTGCATGCACAGACAGGAGACCGTGGACTGCCTGAAGAAGTTCAATGCCAGGAGGAAACTGAAG,HRSTVASCMHRQETVDCLKKFNARRKLK,56227547,56227630,2,16,HRSTVASCMHRQETVDCLKKFNARRKLK,1,28,56227547,56227630,0,0,CACCGCTCCACTGTGGCCTCCTGCATGCACAGACAGGAGACCGTGGACTGCCTGAAGAAGTTCAATGCCAGGAGGAAACTGAAG
408,rattus_norvegicus,ENSRNOG00000018712,ENSRNOT00000041533,ENSRNOE00000402651,ENSRNOE00000402651_SE_21,15_0,1,2,16,15,0,1,17,GGAGCCATCCTCACCACTATGCTGGCCACCAGGAACTTCTCCG,GAILTTMLATRNFS,56228770,56228812,2,17,GAILTTMLATRNFS,1,14,56228770,56228812,0,1,GGAGCCATCCTCACCACTATGCTGGCCACCAGGAACTTCTCCG
409,rattus_norvegicus,ENSRNOG00000018712,ENSRNOT00000041533,ENSRNOE00000527085,ENSRNOE00000527085_SE_22,7_1,1,2,17,7,1,0,18,TAGGGAAGAGTGGAGAAACAAGAAAAGGCGTGAAG,VGKSGETRKGVK,56232566,56232600,2,18,V,1,1,56232566,56232567,1,0,TA
410,rattus_norvegicus,ENSRNOG00000018712,ENSRNOT00000041533,ENSRNOE00000527085,ENSRNOE00000527085_SE_22,7_2,1,2,17,7,1,0,18,TAGGGAAGAGTGGAGAAACAAGAAAAGGCGTGAAG,VGKSGETRKGVK,56232566,56232600,2,19,GKSGETRKGVK,2,12,56232568,56232600,0,0,GGGAAGAGTGGAGAAACAAGAAAAGGCGTGAAG
411,rattus_norvegicus,ENSRNOG00000018712,ENSRNOT00000041533,ENSRNOE00000402639,ENSRNOE00000402639_SE_23,6_1,1,2,18,6,0,1,19,GAATCCTCTGAGAGCACCAACACCACCATCGAGGATGAAGACACCAAAG,ESSESTNTTIEDEDTK,56281389,56281437,2,20,ESSESTNTTIEDEDTK,1,16,56281389,56281437,0,1,GAATCCTCTGAGAGCACCAACACCACCATCGAGGATGAAGACACCAAAG
412,rattus_norvegicus,ENSRNOG00000018712,ENSRNOT00000041533,ENSRNOE00000278405,ENSRNOE00000278405_SE_24,4_1,1,2,19,4,1,2,20,TGCGCAAACAGGAAATTATCAAAGTGACAGAGCAGCTGATCGAAGCCATAAGCAATGGAGACTTTGAATCCTACAC,VRKQEIIKVTEQLIEAISNGDFESY,56288502,56288577,2,21,V,1,1,56288502,56288503,1,0,TG
413,rattus_norvegicus,ENSRNOG00000018712,ENSRNOT00000041533,ENSRNOE00000278405,ENSRNOE00000278405_SE_24,4_2,1,2,19,4,1,2,20,TGCGCAAACAGGAAATTATCAAAGTGACAGAGCAGCTGATCGAAGCCATAAGCAATGGAGACTTTGAATCCTACAC,VRKQEIIKVTEQLIEAISNGDFESY,56288502,56288577,2,22,RKQEIIKVTEQLIEAISNGDFESY,2,25,56288504,56288577,0,2,CGCAAACAGGAAATTATCAAAGTGACAGAGCAGCTGATCGAAGCCATAAGCAATGGAGACTTTGAATCCTACAC
414,rattus_norvegicus,ENSRNOG00000018712,ENSRNOT00000041533,ENSRNOE00000181293,ENSRNOE00000181293_SE_25,12_0,1,2,20,12,2,1,21,GAAGATGTGCGACCCTGGAATGACAGCCTTTGAACCGGAGGCCCTGGGGAACCTGGTCGAGGGCCTGGACTTTCATCGATTCTATTTTGAAAACC,TKMCDPGMTAFEPEALGNLVEGLDFHRFYFEN,56290919,56291013,2,23,TKMCDPGMTAFEPEALGNLVEGLDFHRFYFEN,1,32,56290919,56291013,2,1,GAAGATGTGCGACCCTGGAATGACAGCCTTTGAACCGGAGGCCCTGGGGAACCTGGTCGAGGGCCTGGACTTTCATCGATTCTATTTTGAAAACC
415,rattus_norvegicus,ENSRNOG00000018712,ENSRNOT00000041533,ENSRNOE00000181319,ENSRNOE00000181319_SE_26/ENSRNOE00000571245_SE_26,1_1,1,2,21,1,1,2,22,TGTGGTCCCGGAACAGCAAGCCCGTGCACACCACCATCCTGAACCCTCACATCCACCTGATGGGTGACGAGTCAGCCTGCATCGCCTACATCCGCATCACTCAGTACCTGGATGCGGGTGGCATCCCCCGCACGGCCCAGTCAGAGGAGACCCGTGTCTGGCACCGCAGGGATGGAAAATGGCAGATCGTCCACTTCCACAGATCTGGGGCGCCCTCCGTCCTGCCCCA,LWSRNSKPVHTTILNPHIHLMGDESACIAYIRITQYLDAGGIPRTAQSEETRVWHRRDGKWQIVHFHRSGAPSVLP,56295362,56295590,2,24,LWSRNSKPVHTTILNPHIHLMGDESACIAYIRITQYLDAGGIPRTAQSEETRVWHRRDGKWQIVHFHRSGAPSVLP,1,76,56295362,56295590,1,2,TGTGGTCCCGGAACAGCAAGCCCGTGCACACCACCATCCTGAACCCTCACATCCACCTGATGGGTGACGAGTCAGCCTGCATCGCCTACATCCGCATCACTCAGTACCTGGATGCGGGTGGCATCCCCCGCACGGCCCAGTCAGAGGAGACCCGTGTCTGGCACCGCAGGGATGGAAAATGGCAGATCGTCCACTTCCACAGATCTGGGGCGCCCTCCGTCCTGCCCCA
416,rattus_norvegicus,ENSRNOG00000018712,ENSRNOT00000041533,ENSRNOE00000453260,ENSRNOE00000453260_SE_28,0_23,1,2,22,0,2,0,23,TTGA,H*,56295834,56295837,1,25,H,1,1,56295834,56295837,2,0,TTGA
417,rattus_norvegicus,ENSRNOG00000018712,ENSRNOT00000080177,ENSRNOE00000483751,ENSRNOE00000483751_SE_0/ENSRNOE00000560528_SE_0,20_0,1,2,1,20,0,2,0,ATGGCTACCATCACCTGCACCCGATTCACGGAAGAGTACCAGCTCTTCGAGGAACTGGGAAA,MATITCTRFTEEYQLFEELG,56194019,56194080,2,1,MATITCTRFTEEYQLFEELG,1,20,56194019,56194080,0,2,ATGGCTACCATCACCTGCACCCGATTCACGGAAGAGTACCAGCTCTTCGAGGAACTGGGAAA
418,rattus_norvegicus,ENSRNOG00000018712,ENSRNOT00000080177,ENSRNOE00000429042,ENSRNOE00000429042_SE_1,13_0,1,2,2,13,2,1,1,GGGAGCCTTCTCCGTGGTGCGCAGGTGTGTGAAGGTGCTGGCTGGCCAGGAGTATGCTGCCAAGATTATCAACACCAAGAAGCTCTCAGCCAGAG,KGAFSVVRRCVKVLAGQEYAAKIINTKKLSAR,56209614,56209708,2,2,KGA,1,3,56209614,56209620,2,0,GGGAGCC
419,rattus_norvegicus,ENSRNOG00000018712,ENSRNOT00000080177,ENSRNOE00000429042,ENSRNOE00000429042_SE_1,13_1,1,2,2,13,2,1,1,GGGAGCCTTCTCCGTGGTGCGCAGGTGTGTGAAGGTGCTGGCTGGCCAGGAGTATGCTGCCAAGATTATCAACACCAAGAAGCTCTCAGCCAGAG,KGAFSVVRRCVKVLAGQEYAAKIINTKKLSAR,56209614,56209708,2,3,FSVVRRCVKVLAGQEYAAKIINTKKLSAR,4,32,56209621,56209708,0,1,TTCTCCGTGGTGCGCAGGTGTGTGAAGGTGCTGGCTGGCCAGGAGTATGCTGCCAAGATTATCAACACCAAGAAGCTCTCAGCCAGAG
420,rattus_norvegicus,ENSRNOG00000018712,ENSRNOT00000080177,ENSRNOE00000484872,ENSRNOE00000484872_SE_2,21_0,1,2,3,21,1,1,2,ATCACCAGAAGTTGGAACGCGAGGCCCGCATCTGCCGCTTGTTGAAGCACCCCAATATCG,DHQKLEREARICRLLKHPNI,56215773,56215832,2,4,DHQKLEREARICRLLKHPNI,1,20,56215773,56215832,1,1,ATCACCAGAAGTTGGAACGCGAGGCCCGCATCTGCCGCTTGTTGAAGCACCCCAATATCG
421,rattus_norvegicus,ENSRNOG00000018712,ENSRNOT00000080177,ENSRNOE00000498530,ENSRNOE00000498530_SE_3,23_0,1,2,4,23,1,2,3,TCCGACTCCATGACAGCATCTCCGAGGAGGGGCACCACTACCTTATCTTCGATCT,VRLHDSISEEGHHYLIFD,56219933,56219987,2,5,VRLHDSISEEGHHYLIFD,1,18,56219933,56219987,1,2,TCCGACTCCATGACAGCATCTCCGAGGAGGGGCACCACTACCTTATCTTCGATCT
422,rattus_norvegicus,ENSRNOG00000018712,ENSRNOT00000080177,ENSRNOE00000502894,ENSRNOE00000502894_SE_4,19_0,1,2,5,19,2,2,4,GGTCACTGGTGGGGAGCTGTTCGAAGACATTGTGGCCCGGGAGTATTACAGTGAGGCTGATGCCAG,LVTGGELFEDIVAREYYSEADA,56220768,56220833,2,6,LVTGGELFEDIVAREYYSEADA,1,22,56220768,56220833,2,2,GGTCACTGGTGGGGAGCTGTTCGAAGACATTGTGGCCCGGGAGTATTACAGTGAGGCTGATGCCAG
423,rattus_norvegicus,ENSRNOG00000018712,ENSRNOT00000080177,ENSRNOE00000437671,ENSRNOE00000437671_SE_5,18_0,1,2,6,18,2,0,5,CCACTGTATCCAGCAGATCCTGGAGGCTGTGCTACACTGTCACCAGATGGGGGTGGTGCATCGCGACCTGAAG,SHCIQQILEAVLHCHQMGVVHRDLK,56220920,56220992,2,7,SHCIQQILEAVLHCHQMGVVHRDLK,1,25,56220920,56220992,2,0,CCACTGTATCCAGCAGATCCTGGAGGCTGTGCTACACTGTCACCAGATGGGGGTGGTGCATCGCGACCTGAAG
424,rattus_norvegicus,ENSRNOG00000018712,ENSRNOT00000080177,ENSRNOE00000541158,ENSRNOE00000541158_SE_6,10_0,1,2,7,10,0,0,6,CCTGAGAATCTGTTGCCTGGTTCGAAGCTCAAGGGG,PENLLPGSKLKG,56224264,56224299,2,8,PENLLPGSKLKG,1,12,56224264,56224299,0,0,CCTGAGAATCTGTTGCCTGGTTCGAAGCTCAAGGGG
425,rattus_norvegicus,ENSRNOG00000018712,ENSRNOT00000080177,ENSRNOE00000540105,ENSRNOE00000540105_SE_7/ENSRNOE00000548710_SE_7,5_0,1,2,8,5,0,0,7,GCGGTGAAA,AVK,56224302,56224310,2,9,AVK,1,3,56224302,56224310,0,0,GCGGTGAAA
426,rattus_norvegicus,ENSRNOG00000018712,ENSRNOT00000080177,ENSRNOE00000540105,ENSRNOE00000540105_SE_8_9,5_1,1,2,8,5,0,0,9,CTT,L,56224311,56224313,1,10,L,1,1,56224311,56224313,0,0,CTT
427,rattus_norvegicus,ENSRNOG00000018712,ENSRNOT00000080177,ENSRNOE00000528784,ENSRNOE00000527008_SE_11/ENSRNOE00000528784_SE_11,10_1,1,2,9,10,0,0,10,GACTTTTGGCTGGCCATAGAGGTTGAGGGAGAGCAGAAGGCA,DFWLAIEVEGEQKA,56224319,56224360,2,11,DFWLAIEVEGEQKA,1,14,56224319,56224360,0,0,GACTTTTGGCTGGCCATAGAGGTTGAGGGAGAGCAGAAGGCA
428,rattus_norvegicus,ENSRNOG00000018712,ENSRNOT00000080177,ENSRNOE00000528784,ENSRNOE00000528784_SE_12_13,10_2,1,2,9,10,0,0,12,ATG,M,56224361,56224363,1,12,M,1,1,56224361,56224363,0,0,ATG
429,rattus_norvegicus,ENSRNOG00000018712,ENSRNOT00000080177,ENSRNOE00000550896,ENSRNOE00000550896_SE_15,0_24,1,2,10,0,0,1,13,TGGT,W,56225090,56225093,1,13,W,1,1,56225090,56225093,0,1,TGGT
430,rattus_norvegicus,ENSRNOG00000018712,ENSRNOT00000080177,ENSRNOE00000539368,ENSRNOE00000539368_SE_16,17_0,1,2,11,17,1,1,14,CAG,S,56225973,56225975,1,14,S,1,1,56225973,56225975,1,1,CAG
431,rattus_norvegicus,ENSRNOG00000018712,ENSRNOT00000080177,ENSRNOE00000539368,ENSRNOE00000488989_SE_17/ENSRNOE00000539368_SE_17,17_1,1,2,11,17,1,1,15,GGTTCGCAGGGACACCTGGATACCTCTCCCCAGAAGTGCTGCGGAAGGACCCATACGGGAAGCCTGTGGACCTGTGGGCCTGTG,GFAGTPGYLSPEVLRKDPYGKPVDLWAC,56225976,56226059,2,15,GFAGTPGYLSPEVLRKDPYGKPVDLWAC,1,28,56225976,56226059,1,1,GGTTCGCAGGGACACCTGGATACCTCTCCCCAGAAGTGCTGCGGAAGGACCCATACGGGAAGCCTGTGGACCTGTGGGCCTGTG
432,rattus_norvegicus,ENSRNOG00000018712,ENSRNOT00000080177,ENSRNOE00000505428,ENSRNOE00000505428_SE_18,14_0,1,2,12,14,1,0,16,GCGTCATCCTGTATATCTTGCTGGTTGGGTATCCCCCATTCTGGGATGAGGACCAGCACCGCCTGTACCAGCAGATCAAAGCTGGTGCCTACGAT,GVILYILLVGYPPFWDEDQHRLYQQIKAGAYD,56226171,56226265,2,16,GVILYILLVGYPPFWDEDQHRLYQQIKAGAYD,1,32,56226171,56226265,1,0,GCGTCATCCTGTATATCTTGCTGGTTGGGTATCCCCCATTCTGGGATGAGGACCAGCACCGCCTGTACCAGCAGATCAAAGCTGGTGCCTACGAT
433,rattus_norvegicus,ENSRNOG00000018712,ENSRNOT00000080177,ENSRNOE00000484394,ENSRNOE00000484394_SE_19,5_2,1,2,13,5,0,0,17,TTCCCATCACCAGAATGGGACACCGTCACCCCGGAAGCCAAGGATCTGATCAATAAGATGCTGACCATCAACCCGTCCAAACGCATCACGGCCGCTGAGGCTCTCAAGCACCCCTGGATCTCG,FPSPEWDTVTPEAKDLINKMLTINPSKRITAAEALKHPWIS,56227104,56227226,2,17,FPSPEWDTVTPEAKDLINKMLTINPSKRITAAEALKHPWIS,1,41,56227104,56227226,0,0,TTCCCATCACCAGAATGGGACACCGTCACCCCGGAAGCCAAGGATCTGATCAATAAGATGCTGACCATCAACCCGTCCAAACGCATCACGGCCGCTGAGGCTCTCAAGCACCCCTGGATCTCG
434,rattus_norvegicus,ENSRNOG00000018712,ENSRNOT00000080177,ENSRNOE00000500003,ENSRNOE00000500003_SE_20,9_0,1,2,14,9,0,0,18,CACCGCTCCACTGTGGCCTCCTGCATGCACAGACAGGAGACCGTGGACTGCCTGAAGAAGTTCAATGCCAGGAGGAAACTGAAG,HRSTVASCMHRQETVDCLKKFNARRKLK,56227547,56227630,2,18,HRSTVASCMHRQETVDCLKKFNARRKLK,1,28,56227547,56227630,0,0,CACCGCTCCACTGTGGCCTCCTGCATGCACAGACAGGAGACCGTGGACTGCCTGAAGAAGTTCAATGCCAGGAGGAAACTGAAG
435,rattus_norvegicus,ENSRNOG00000018712,ENSRNOT00000080177,ENSRNOE00000402651,ENSRNOE00000402651_SE_21,15_0,1,2,15,15,0,1,19,GGAGCCATCCTCACCACTATGCTGGCCACCAGGAACTTCTCCG,GAILTTMLATRNFS,56228770,56228812,2,19,GAILTTMLATRNFS,1,14,56228770,56228812,0,1,GGAGCCATCCTCACCACTATGCTGGCCACCAGGAACTTCTCCG
436,rattus_norvegicus,ENSRNOG00000018712,ENSRNOT00000080177,ENSRNOE00000527085,ENSRNOE00000527085_SE_22,7_1,1,2,16,7,1,0,20,TAGGGAAGAGTGGAGAAACAAGAAAAGGCGTGAAG,VGKSGETRKGVK,56232566,56232600,2,20,V,1,1,56232566,56232567,1,0,TA
437,rattus_norvegicus,ENSRNOG00000018712,ENSRNOT00000080177,ENSRNOE00000527085,ENSRNOE00000527085_SE_22,7_2,1,2,16,7,1,0,20,TAGGGAAGAGTGGAGAAACAAGAAAAGGCGTGAAG,VGKSGETRKGVK,56232566,56232600,2,21,GKSGETRKGVK,2,12,56232568,56232600,0,0,GGGAAGAGTGGAGAAACAAGAAAAGGCGTGAAG
438,rattus_norvegicus,ENSRNOG00000018712,ENSRNOT00000080177,ENSRNOE00000402639,ENSRNOE00000402639_SE_23,6_1,1,2,17,6,0,1,21,GAATCCTCTGAGAGCACCAACACCACCATCGAGGATGAAGACACCAAAG,ESSESTNTTIEDEDTK,56281389,56281437,2,22,ESSESTNTTIEDEDTK,1,16,56281389,56281437,0,1,GAATCCTCTGAGAGCACCAACACCACCATCGAGGATGAAGACACCAAAG
439,rattus_norvegicus,ENSRNOG00000018712,ENSRNOT00000080177,ENSRNOE00000278405,ENSRNOE00000278405_SE_24,4_1,1,2,18,4,1,2,22,TGCGCAAACAGGAAATTATCAAAGTGACAGAGCAGCTGATCGAAGCCATAAGCAATGGAGACTTTGAATCCTACAC,VRKQEIIKVTEQLIEAISNGDFESY,56288502,56288577,2,23,V,1,1,56288502,56288503,1,0,TG
440,rattus_norvegicus,ENSRNOG00000018712,ENSRNOT00000080177,ENSRNOE00000278405,ENSRNOE00000278405_SE_24,4_2,1,2,18,4,1,2,22,TGCGCAAACAGGAAATTATCAAAGTGACAGAGCAGCTGATCGAAGCCATAAGCAATGGAGACTTTGAATCCTACAC,VRKQEIIKVTEQLIEAISNGDFESY,56288502,56288577,2,24,RKQEIIKVTEQLIEAISNGDFESY,2,25,56288504,56288577,0,2,CGCAAACAGGAAATTATCAAAGTGACAGAGCAGCTGATCGAAGCCATAAGCAATGGAGACTTTGAATCCTACAC
441,rattus_norvegicus,ENSRNOG00000018712,ENSRNOT00000080177,ENSRNOE00000181293,ENSRNOE00000181293_SE_25,12_0,1,2,19,12,2,1,23,GAAGATGTGCGACCCTGGAATGACAGCCTTTGAACCGGAGGCCCTGGGGAACCTGGTCGAGGGCCTGGACTTTCATCGATTCTATTTTGAAAACC,TKMCDPGMTAFEPEALGNLVEGLDFHRFYFEN,56290919,56291013,2,25,TKMCDPGMTAFEPEALGNLVEGLDFHRFYFEN,1,32,56290919,56291013,2,1,GAAGATGTGCGACCCTGGAATGACAGCCTTTGAACCGGAGGCCCTGGGGAACCTGGTCGAGGGCCTGGACTTTCATCGATTCTATTTTGAAAACC
442,rattus_norvegicus,ENSRNOG00000018712,ENSRNOT00000080177,ENSRNOE00000571245,ENSRNOE00000181319_SE_26/ENSRNOE00000571245_SE_26,1_1,1,2,20,1,1,2,24,TGTGGTCCCGGAACAGCAAGCCCGTGCACACCACCATCCTGAACCCTCACATCCACCTGATGGGTGACGAGTCAGCCTGCATCGCCTACATCCGCATCACTCAGTACCTGGATGCGGGTGGCATCCCCCGCACGGCCCAGTCAGAGGAGACCCGTGTCTGGCACCGCAGGGATGGAAAATGGCAGATCGTCCACTTCCACAGATCTGGGGCGCCCTCCGTCCTGCCCCA,LWSRNSKPVHTTILNPHIHLMGDESACIAYIRITQYLDAGGIPRTAQSEETRVWHRRDGKWQIVHFHRSGAPSVLP,56295362,56295590,2,26,LWSRNSKPVHTTILNPHIHLMGDESACIAYIRITQYLDAGGIPRTAQSEETRVWHRRDGKWQIVHFHRSGAPSVLP,1,76,56295362,56295590,1,2,TGTGGTCCCGGAACAGCAAGCCCGTGCACACCACCATCCTGAACCCTCACATCCACCTGATGGGTGACGAGTCAGCCTGCATCGCCTACATCCGCATCACTCAGTACCTGGATGCGGGTGGCATCCCCCGCACGGCCCAGTCAGAGGAGACCCGTGTCTGGCACCGCAGGGATGGAAAATGGCAGATCGTCCACTTCCACAGATCTGGGGCGCCCTCCGTCCTGCCCCA
443,rattus_norvegicus,ENSRNOG00000018712,ENSRNOT00000080177,ENSRNOE00000571245,ENSRNOE00000571245_SE_27,1_2,1,2,20,1,2,0,25,GTAA,Q*,56295591,56295594,1,27,Q,1,1,56295591,56295594,2,0,GTAA
444,sus_scrofa,ENSSSCG00000014443,ENSSSCT00000015790,ENSSSCE00000275344/ENSSSCE00000335961,ENSSSCE00000275344_SE_19,20_0,-1,3,1,20,0,2,0,ATGGCCACCATCACCTGCACCCGCTTCACGGAAGAGTACCAGCTCTTCGAGGAACTGGGAAA,MATITCTRFTEEYQLFEELGK,151308510,151308449,2,1,MATITCTRFTEEYQLFEELGK,1,21,151308510,151308449,0,2,ATGGCCACCATCACCTGCACCCGCTTCACGGAAGAGTACCAGCTCTTCGAGGAACTGGGAAA
445,sus_scrofa,ENSSSCG00000014443,ENSSSCT00000015790,ENSSSCE00000126365,ENSSSCE00000126365_SE_18,13_0,-1,3,2,13,2,1,1,GGGAGCCTTCTCCGTGGTGCGCAGGTGCGTGAAGGTGCTGGCTGGCCAGGAATATGCTGCCAAGATCATCAACACTAAGAAGCTCTCGGCCAGAG,GAFSVVRRCVKVLAGQEYAAKIINTKKLSARD,151294838,151294744,2,2,GA,1,2,151294838,151294832,2,0,GGGAGCC
446,sus_scrofa,ENSSSCG00000014443,ENSSSCT00000015790,ENSSSCE00000126365,ENSSSCE00000126365_SE_18,13_1,-1,3,2,13,2,1,1,GGGAGCCTTCTCCGTGGTGCGCAGGTGCGTGAAGGTGCTGGCTGGCCAGGAATATGCTGCCAAGATCATCAACACTAAGAAGCTCTCGGCCAGAG,GAFSVVRRCVKVLAGQEYAAKIINTKKLSARD,151294838,151294744,2,3,FSVVRRCVKVLAGQEYAAKIINTKKLSARD,3,32,151294831,151294744,0,1,TTCTCCGTGGTGCGCAGGTGCGTGAAGGTGCTGGCTGGCCAGGAATATGCTGCCAAGATCATCAACACTAAGAAGCTCTCGGCCAGAG
447,sus_scrofa,ENSSSCG00000014443,ENSSSCT00000015790,ENSSSCE00000126366,ENSSSCE00000126366_SE_17,21_0,-1,3,3,21,1,1,2,ATCACCAGAAGCTGGAGCGGGAAGCCCGCATCTGCCGCCTGCTGAAGCACCCCAACATTG,HQKLEREARICRLLKHPNIV,151288327,151288268,2,4,HQKLEREARICRLLKHPNIV,1,20,151288327,151288268,1,1,ATCACCAGAAGCTGGAGCGGGAAGCCCGCATCTGCCGCCTGCTGAAGCACCCCAACATTG
448,sus_scrofa,ENSSSCG00000014443,ENSSSCT00000015790,ENSSSCE00000126367,ENSSSCE00000126367_SE_16,23_0,-1,3,4,23,1,2,3,TCCGGCTTCATGACAGCATCTCCGAGGAGGGGCACCACTACCTGATCTTCGACCT,RLHDSISEEGHHYLIFDL,151282424,151282370,2,5,RLHDSISEEGHHYLIFDL,1,18,151282424,151282370,1,2,TCCGGCTTCATGACAGCATCTCCGAGGAGGGGCACCACTACCTGATCTTCGACCT
449,sus_scrofa,ENSSSCG00000014443,ENSSSCT00000015790,ENSSSCE00000373616,ENSSSCE00000373616_SE_15,19_0,-1,3,5,19,2,2,4,GGTCACCGGCGGGGAGCTGTTTGAGGACATTGTGGCCCGCGAGTATTACAGTGAGGCCGATGCCAG,VTGGELFEDIVAREYYSEADAS,151281236,151281171,2,6,VTGGELFEDIVAREYYSEADAS,1,22,151281236,151281171,2,2,GGTCACCGGCGGGGAGCTGTTTGAGGACATTGTGGCCCGCGAGTATTACAGTGAGGCCGATGCCAG
450,sus_scrofa,ENSSSCG00000014443,ENSSSCT00000015790,ENSSSCE00000276398,ENSSSCE00000276398_SE_14,18_0,-1,3,6,18,2,0,5,TCACTGTATCCAGCAGATCCTGGAGGCCGTGCTCCACTGCCACCAGATGGGGGTGGTACACAGGGACCTGAAG,HCIQQILEAVLHCHQMGVVHRDLK,151281062,151280990,2,7,HCIQQILEAVLHCHQMGVVHRDLK,1,24,151281062,151280990,2,0,TCACTGTATCCAGCAGATCCTGGAGGCCGTGCTCCACTGCCACCAGATGGGGGTGGTACACAGGGACCTGAAG
451,sus_scrofa,ENSSSCG00000014443,ENSSSCT00000015790,ENSSSCE00000323515,ENSSSCE00000323515_SE_13,10_0,-1,3,7,10,0,1,6,CCGGAGAATCTGCTGCTGGCCTCCAAGCTCAAGGGCGCCGCGGTGAAGCTGGCGGACTTTGGCCTGGCCATAGAGGTGGAGGGGGAGCAGCAGGCATGGTTTG,PENLLLASKLKGAAVKLADFGLAIEVEGEQQAWFG,151278285,151278183,2,8,PENLLLASKLKGAA,1,14,151278285,151278244,0,0,CCGGAGAATCTGCTGCTGGCCTCCAAGCTCAAGGGCGCCGCG
452,sus_scrofa,ENSSSCG00000014443,ENSSSCT00000015790,ENSSSCE00000323515,ENSSSCE00000323515_SE_13,10_1,-1,3,7,10,0,1,6,CCGGAGAATCTGCTGCTGGCCTCCAAGCTCAAGGGCGCCGCGGTGAAGCTGGCGGACTTTGGCCTGGCCATAGAGGTGGAGGGGGAGCAGCAGGCATGGTTTG,PENLLLASKLKGAAVKLADFGLAIEVEGEQQAWFG,151278285,151278183,2,9,VKLADFGLAIEVEGEQQA,15,32,151278243,151278190,0,0,GTGAAGCTGGCGGACTTTGGCCTGGCCATAGAGGTGGAGGGGGAGCAGCAGGCA
453,sus_scrofa,ENSSSCG00000014443,ENSSSCT00000015790,ENSSSCE00000323515,ENSSSCE00000323515_SE_13,10_2,-1,3,7,10,0,1,6,CCGGAGAATCTGCTGCTGGCCTCCAAGCTCAAGGGCGCCGCGGTGAAGCTGGCGGACTTTGGCCTGGCCATAGAGGTGGAGGGGGAGCAGCAGGCATGGTTTG,PENLLLASKLKGAAVKLADFGLAIEVEGEQQAWFG,151278285,151278183,2,10,WFG,33,35,151278189,151278183,0,1,TGGTTTG
454,sus_scrofa,ENSSSCG00000014443,ENSSSCT00000015790,ENSSSCE00000326975,ENSSSCE00000326975_SE_12,17_1,-1,3,8,17,1,1,7,GCTTCGCAGGGACACCCGGATACCTCTCCCCGGAAGTGCTGCGCAAGGACCCGTACGGGAAGCCTGTGGACCTGTGGGCCTGCG,FAGTPGYLSPEVLRKDPYGKPVDLWACG,151276635,151276552,2,11,FAGTPGYLSPEVLRKDPYGKPVDLWACG,1,28,151276635,151276552,1,1,GCTTCGCAGGGACACCCGGATACCTCTCCCCGGAAGTGCTGCGCAAGGACCCGTACGGGAAGCCTGTGGACCTGTGGGCCTGCG
455,sus_scrofa,ENSSSCG00000014443,ENSSSCT00000015790,ENSSSCE00000223804,ENSSSCE00000223804_SE_11,14_0,-1,3,9,14,1,0,8,GGGTCATCCTCTACATCCTGCTGGTGGGGTACCCCCCGTTCTGGGATGAGGACCAGCACCGCCTGTACCAGCAGATCAAAGCCGGCGCCTATGAC,VILYILLVGYPPFWDEDQHRLYQQIKAGAYD,151276354,151276260,2,12,VILYILLVGYPPFWDEDQHRLYQQIKAGAYD,1,31,151276354,151276260,1,0,GGGTCATCCTCTACATCCTGCTGGTGGGGTACCCCCCGTTCTGGGATGAGGACCAGCACCGCCTGTACCAGCAGATCAAAGCCGGCGCCTATGAC
456,sus_scrofa,ENSSSCG00000014443,ENSSSCT00000015790,ENSSSCE00000206421,ENSSSCE00000206421_SE_10,5_2,-1,3,10,5,0,0,9,TTCCCTTCGCCGGAATGGGACACCGTCACCCCGGAAGCCAAGGACCTGATCAACAAGATGCTCACCATCAACCCCTCCAAGCGCATCACGGCCGCCGAGGCCCTCAAGCATCCCTGGATCTCG,FPSPEWDTVTPEAKDLINKMLTINPSKRITAAEALKHPWIS,151275229,151275107,2,13,FPSPEWDTVTPEAKDLINKMLTINPSKRITAAEALKHPWIS,1,41,151275229,151275107,0,0,TTCCCTTCGCCGGAATGGGACACCGTCACCCCGGAAGCCAAGGACCTGATCAACAAGATGCTCACCATCAACCCCTCCAAGCGCATCACGGCCGCCGAGGCCCTCAAGCATCCCTGGATCTCG
457,sus_scrofa,ENSSSCG00000014443,ENSSSCT00000015790,ENSSSCE00000207895,ENSSSCE00000207895_SE_9,9_0,-1,3,11,9,0,0,10,CACCGGTCCACCGTGGCCTCCTGCATGCACAGACAGGAGACCGTGGACTGCCTGAAGAAGTTCAACGCCAGGAGGAAACTGAAG,HRSTVASCMHRQETVDCLKKFNARRKLK,151274764,151274681,2,14,HRSTVASCMHRQETVDCLKKFNARRKLK,1,28,151274764,151274681,0,0,CACCGGTCCACCGTGGCCTCCTGCATGCACAGACAGGAGACCGTGGACTGCCTGAAGAAGTTCAACGCCAGGAGGAAACTGAAG
458,sus_scrofa,ENSSSCG00000014443,ENSSSCT00000015790,ENSSSCE00000224409,ENSSSCE00000224409_SE_8,15_0,-1,3,12,15,0,1,11,GGAGCTATCCTCACCACCATGCTGGCCACCAGGAACTTCTCTG,GAILTTMLATRNFSG,151272996,151272954,2,15,GAILTTMLATRNFSG,1,15,151272996,151272954,0,1,GGAGCTATCCTCACCACCATGCTGGCCACCAGGAACTTCTCTG
459,sus_scrofa,ENSSSCG00000014443,ENSSSCT00000015790,ENSSSCE00000126376,ENSSSCE00000126376_SE_6/ENSSSCE00000345695_SE_6,7_2,-1,3,13,7,1,0,12,GTGGGAAGAGTGGCGGAAACAAGAAGAATGACGGCGTGAAG,GKSGGNKKNDGVK,151270387,151270347,3,16,GKSGGNKKNDGVK,1,13,151270387,151270347,1,0,GTGGGAAGAGTGGCGGAAACAAGAAGAATGACGGCGTGAAG
460,sus_scrofa,ENSSSCG00000014443,ENSSSCT00000015790,ENSSSCE00000181153,ENSSSCE00000181153_SE_5,24_0,-1,3,14,24,0,0,13,AAAAGAAAGTCCAGTTCCAGCGTTCAGTTAATG,KRKSSSSVQLM,151265623,151265591,2,17,KRKSSSSVQLM,1,11,151265623,151265591,0,0,AAAAGAAAGTCCAGTTCCAGCGTTCAGTTAATG
461,sus_scrofa,ENSSSCG00000014443,ENSSSCT00000015790,ENSSSCE00000126377,ENSSSCE00000126377_SE_4,6_1,-1,3,15,6,0,1,14,GAATCTTCTGAGAGCACCAACACCACCATCGAGGACGAAGACACCAAAG,ESSESTNTTIEDEDTKV,151264650,151264602,3,18,ESSESTNTTIEDEDTKV,1,17,151264650,151264602,0,1,GAATCTTCTGAGAGCACCAACACCACCATCGAGGACGAAGACACCAAAG
462,sus_scrofa,ENSSSCG00000014443,ENSSSCT00000015790,ENSSSCE00000126378,ENSSSCE00000126378_SE_3,4_2,-1,3,16,4,1,2,15,TGCGGAAACAGGAGATTATCAAGGTGACAGAGCAGCTGATTGAAGCCATAAGCAATGGAGATTTTGAGTCCTACAC,RKQEIIKVTEQLIEAISNGDFESYT,151257881,151257806,3,19,RKQEIIKVTEQLIEAISNGDFESYT,1,25,151257881,151257806,1,2,TGCGGAAACAGGAGATTATCAAGGTGACAGAGCAGCTGATTGAAGCCATAAGCAATGGAGATTTTGAGTCCTACAC
463,sus_scrofa,ENSSSCG00000014443,ENSSSCT00000015790,ENSSSCE00000126379,ENSSSCE00000126379_SE_2,12_0,-1,3,17,12,2,1,16,GAAGATGTGTGACCCCGGGATGACGGCTTTCGAACCCGAGGCCCTGGGGAACCTGGTCGAGGGCCTGGACTTCCACCGATTCTATTTTGAAAACC,KMCDPGMTAFEPEALGNLVEGLDFHRFYFENL,151255394,151255300,3,20,KMCDPGMTAFEPEALGNLVEGLDFHRFYFENL,1,32,151255394,151255300,2,1,GAAGATGTGTGACCCCGGGATGACGGCTTTCGAACCCGAGGCCCTGGGGAACCTGGTCGAGGGCCTGGACTTCCACCGATTCTATTTTGAAAACC
464,sus_scrofa,ENSSSCG00000014443,ENSSSCT00000015790,ENSSSCE00000126380,ENSSSCE00000126380_SE_1,1_1,-1,3,18,1,1,2,17,TGTGGTCCCGGAACAGCAAGCCGGTGCACACCACCATCCTGAACCCCCACATCCACCTGATGGGTGACGAGTCAGCCTGCATCGCCTACATCCGCATCACCCAGTACCTGGACGCCGGCGGCATCCCCCGCACGGCCCAGTCGGAGGAGACCCGTGTCTGGCACCGCCGGGATGGCAAATGGCAGATCGTGCACTTCCACCGATCGGGGGCGCCCTCCGTCCTGCCCCA,WSRNSKPVHTTILNPHIHLMGDESACIAYIRITQYLDAGGIPRTAQSEETRVWHRRDGKWQIVHFHRSGAPSVLPH,151251759,151251531,3,21,WSRNSKPVHTTILNPHIHLMGDESACIAYIRITQYLDAGGIPRTAQSEETRVWHRRDGKWQIVHFHRSGAPSVLP,1,75,151251759,151251533,1,0,TGTGGTCCCGGAACAGCAAGCCGGTGCACACCACCATCCTGAACCCCCACATCCACCTGATGGGTGACGAGTCAGCCTGCATCGCCTACATCCGCATCACCCAGTACCTGGACGCCGGCGGCATCCCCCGCACGGCCCAGTCGGAGGAGACCCGTGTCTGGCACCGCCGGGATGGCAAATGGCAGATCGTGCACTTCCACCGATCGGGGGCGCCCTCCGTCCTGCCC
465,sus_scrofa,ENSSSCG00000014443,ENSSSCT00000015790,ENSSSCE00000126380,ENSSSCE00000126380_SE_1,1_2,-1,3,18,1,1,2,17,TGTGGTCCCGGAACAGCAAGCCGGTGCACACCACCATCCTGAACCCCCACATCCACCTGATGGGTGACGAGTCAGCCTGCATCGCCTACATCCGCATCACCCAGTACCTGGACGCCGGCGGCATCCCCCGCACGGCCCAGTCGGAGGAGACCCGTGTCTGGCACCGCCGGGATGGCAAATGGCAGATCGTGCACTTCCACCGATCGGGGGCGCCCTCCGTCCTGCCCCA,WSRNSKPVHTTILNPHIHLMGDESACIAYIRITQYLDAGGIPRTAQSEETRVWHRRDGKWQIVHFHRSGAPSVLPH,151251759,151251531,3,22,H,76,76,151251532,151251531,0,2,CA
466,sus_scrofa,ENSSSCG00000014443,ENSSSCT00000015790,ENSSSCE00000272016/ENSSSCE00000333954/ENSSSCE00000343647,ENSSSCE00000272016_SE_0,0_25,-1,3,19,0,2,0,18,CTGA,*,151251276,151251273,3,23,,1,0,151251276,151251273,2,0,CTGA
467,sus_scrofa,ENSSSCG00000014443,ENSSSCT00000027746,ENSSSCE00000275344/ENSSSCE00000335961,ENSSSCE00000275344_SE_19,20_0,-1,3,1,20,0,2,0,ATGGCCACCATCACCTGCACCCGCTTCACGGAAGAGTACCAGCTCTTCGAGGAACTGGGAAA,MATITCTRFTEEYQLFEELGK,151308510,151308449,2,1,MATITCTRFTEEYQLFEELGK,1,21,151308510,151308449,0,2,ATGGCCACCATCACCTGCACCCGCTTCACGGAAGAGTACCAGCTCTTCGAGGAACTGGGAAA
468,sus_scrofa,ENSSSCG00000014443,ENSSSCT00000027746,ENSSSCE00000126365,ENSSSCE00000126365_SE_18,13_0,-1,3,2,13,2,1,1,GGGAGCCTTCTCCGTGGTGCGCAGGTGCGTGAAGGTGCTGGCTGGCCAGGAATATGCTGCCAAGATCATCAACACTAAGAAGCTCTCGGCCAGAG,GAFSVVRRCVKVLAGQEYAAKIINTKKLSARD,151294838,151294744,2,2,GA,1,2,151294838,151294832,2,0,GGGAGCC
469,sus_scrofa,ENSSSCG00000014443,ENSSSCT00000027746,ENSSSCE00000126365,ENSSSCE00000126365_SE_18,13_1,-1,3,2,13,2,1,1,GGGAGCCTTCTCCGTGGTGCGCAGGTGCGTGAAGGTGCTGGCTGGCCAGGAATATGCTGCCAAGATCATCAACACTAAGAAGCTCTCGGCCAGAG,GAFSVVRRCVKVLAGQEYAAKIINTKKLSARD,151294838,151294744,2,3,FSVVRRCVKVLAGQEYAAKIINTKKLSARD,3,32,151294831,151294744,0,1,TTCTCCGTGGTGCGCAGGTGCGTGAAGGTGCTGGCTGGCCAGGAATATGCTGCCAAGATCATCAACACTAAGAAGCTCTCGGCCAGAG
470,sus_scrofa,ENSSSCG00000014443,ENSSSCT00000027746,ENSSSCE00000126366,ENSSSCE00000126366_SE_17,21_0,-1,3,3,21,1,1,2,ATCACCAGAAGCTGGAGCGGGAAGCCCGCATCTGCCGCCTGCTGAAGCACCCCAACATTG,HQKLEREARICRLLKHPNIV,151288327,151288268,2,4,HQKLEREARICRLLKHPNIV,1,20,151288327,151288268,1,1,ATCACCAGAAGCTGGAGCGGGAAGCCCGCATCTGCCGCCTGCTGAAGCACCCCAACATTG
471,sus_scrofa,ENSSSCG00000014443,ENSSSCT00000027746,ENSSSCE00000126367,ENSSSCE00000126367_SE_16,23_0,-1,3,4,23,1,2,3,TCCGGCTTCATGACAGCATCTCCGAGGAGGGGCACCACTACCTGATCTTCGACCT,RLHDSISEEGHHYLIFDL,151282424,151282370,2,5,RLHDSISEEGHHYLIFDL,1,18,151282424,151282370,1,2,TCCGGCTTCATGACAGCATCTCCGAGGAGGGGCACCACTACCTGATCTTCGACCT
472,sus_scrofa,ENSSSCG00000014443,ENSSSCT00000027746,ENSSSCE00000373616,ENSSSCE00000373616_SE_15,19_0,-1,3,5,19,2,2,4,GGTCACCGGCGGGGAGCTGTTTGAGGACATTGTGGCCCGCGAGTATTACAGTGAGGCCGATGCCAG,VTGGELFEDIVAREYYSEADAS,151281236,151281171,2,6,VTGGELFEDIVAREYYSEADAS,1,22,151281236,151281171,2,2,GGTCACCGGCGGGGAGCTGTTTGAGGACATTGTGGCCCGCGAGTATTACAGTGAGGCCGATGCCAG
473,sus_scrofa,ENSSSCG00000014443,ENSSSCT00000027746,ENSSSCE00000276398,ENSSSCE00000276398_SE_14,18_0,-1,3,6,18,2,0,5,TCACTGTATCCAGCAGATCCTGGAGGCCGTGCTCCACTGCCACCAGATGGGGGTGGTACACAGGGACCTGAAG,HCIQQILEAVLHCHQMGVVHRDLK,151281062,151280990,2,7,HCIQQILEAVLHCHQMGVVHRDLK,1,24,151281062,151280990,2,0,TCACTGTATCCAGCAGATCCTGGAGGCCGTGCTCCACTGCCACCAGATGGGGGTGGTACACAGGGACCTGAAG
474,sus_scrofa,ENSSSCG00000014443,ENSSSCT00000027746,ENSSSCE00000323515,ENSSSCE00000323515_SE_13,10_0,-1,3,7,10,0,1,6,CCGGAGAATCTGCTGCTGGCCTCCAAGCTCAAGGGCGCCGCGGTGAAGCTGGCGGACTTTGGCCTGGCCATAGAGGTGGAGGGGGAGCAGCAGGCATGGTTTG,PENLLLASKLKGAAVKLADFGLAIEVEGEQQAWFG,151278285,151278183,2,8,PENLLLASKLKGAA,1,14,151278285,151278244,0,0,CCGGAGAATCTGCTGCTGGCCTCCAAGCTCAAGGGCGCCGCG
475,sus_scrofa,ENSSSCG00000014443,ENSSSCT00000027746,ENSSSCE00000323515,ENSSSCE00000323515_SE_13,10_1,-1,3,7,10,0,1,6,CCGGAGAATCTGCTGCTGGCCTCCAAGCTCAAGGGCGCCGCGGTGAAGCTGGCGGACTTTGGCCTGGCCATAGAGGTGGAGGGGGAGCAGCAGGCATGGTTTG,PENLLLASKLKGAAVKLADFGLAIEVEGEQQAWFG,151278285,151278183,2,9,VKLADFGLAIEVEGEQQA,15,32,151278243,151278190,0,0,GTGAAGCTGGCGGACTTTGGCCTGGCCATAGAGGTGGAGGGGGAGCAGCAGGCA
476,sus_scrofa,ENSSSCG00000014443,ENSSSCT00000027746,ENSSSCE00000323515,ENSSSCE00000323515_SE_13,10_2,-1,3,7,10,0,1,6,CCGGAGAATCTGCTGCTGGCCTCCAAGCTCAAGGGCGCCGCGGTGAAGCTGGCGGACTTTGGCCTGGCCATAGAGGTGGAGGGGGAGCAGCAGGCATGGTTTG,PENLLLASKLKGAAVKLADFGLAIEVEGEQQAWFG,151278285,151278183,2,10,WFG,33,35,151278189,151278183,0,1,TGGTTTG
477,sus_scrofa,ENSSSCG00000014443,ENSSSCT00000027746,ENSSSCE00000326975,ENSSSCE00000326975_SE_12,17_1,-1,3,8,17,1,1,7,GCTTCGCAGGGACACCCGGATACCTCTCCCCGGAAGTGCTGCGCAAGGACCCGTACGGGAAGCCTGTGGACCTGTGGGCCTGCG,FAGTPGYLSPEVLRKDPYGKPVDLWACG,151276635,151276552,2,11,FAGTPGYLSPEVLRKDPYGKPVDLWACG,1,28,151276635,151276552,1,1,GCTTCGCAGGGACACCCGGATACCTCTCCCCGGAAGTGCTGCGCAAGGACCCGTACGGGAAGCCTGTGGACCTGTGGGCCTGCG
478,sus_scrofa,ENSSSCG00000014443,ENSSSCT00000027746,ENSSSCE00000223804,ENSSSCE00000223804_SE_11,14_0,-1,3,9,14,1,0,8,GGGTCATCCTCTACATCCTGCTGGTGGGGTACCCCCCGTTCTGGGATGAGGACCAGCACCGCCTGTACCAGCAGATCAAAGCCGGCGCCTATGAC,VILYILLVGYPPFWDEDQHRLYQQIKAGAYD,151276354,151276260,2,12,VILYILLVGYPPFWDEDQHRLYQQIKAGAYD,1,31,151276354,151276260,1,0,GGGTCATCCTCTACATCCTGCTGGTGGGGTACCCCCCGTTCTGGGATGAGGACCAGCACCGCCTGTACCAGCAGATCAAAGCCGGCGCCTATGAC
479,sus_scrofa,ENSSSCG00000014443,ENSSSCT00000027746,ENSSSCE00000206421,ENSSSCE00000206421_SE_10,5_2,-1,3,10,5,0,0,9,TTCCCTTCGCCGGAATGGGACACCGTCACCCCGGAAGCCAAGGACCTGATCAACAAGATGCTCACCATCAACCCCTCCAAGCGCATCACGGCCGCCGAGGCCCTCAAGCATCCCTGGATCTCG,FPSPEWDTVTPEAKDLINKMLTINPSKRITAAEALKHPWIS,151275229,151275107,2,13,FPSPEWDTVTPEAKDLINKMLTINPSKRITAAEALKHPWIS,1,41,151275229,151275107,0,0,TTCCCTTCGCCGGAATGGGACACCGTCACCCCGGAAGCCAAGGACCTGATCAACAAGATGCTCACCATCAACCCCTCCAAGCGCATCACGGCCGCCGAGGCCCTCAAGCATCCCTGGATCTCG
480,sus_scrofa,ENSSSCG00000014443,ENSSSCT00000027746,ENSSSCE00000207895,ENSSSCE00000207895_SE_9,9_0,-1,3,11,9,0,0,10,CACCGGTCCACCGTGGCCTCCTGCATGCACAGACAGGAGACCGTGGACTGCCTGAAGAAGTTCAACGCCAGGAGGAAACTGAAG,HRSTVASCMHRQETVDCLKKFNARRKLK,151274764,151274681,2,14,HRSTVASCMHRQETVDCLKKFNARRKLK,1,28,151274764,151274681,0,0,CACCGGTCCACCGTGGCCTCCTGCATGCACAGACAGGAGACCGTGGACTGCCTGAAGAAGTTCAACGCCAGGAGGAAACTGAAG
481,sus_scrofa,ENSSSCG00000014443,ENSSSCT00000027746,ENSSSCE00000224409,ENSSSCE00000224409_SE_8,15_0,-1,3,12,15,0,1,11,GGAGCTATCCTCACCACCATGCTGGCCACCAGGAACTTCTCTG,GAILTTMLATRNFSG,151272996,151272954,2,15,GAILTTMLATRNFSG,1,15,151272996,151272954,0,1,GGAGCTATCCTCACCACCATGCTGGCCACCAGGAACTTCTCTG
482,sus_scrofa,ENSSSCG00000014443,ENSSSCT00000027746,ENSSSCE00000126376,ENSSSCE00000126376_SE_6/ENSSSCE00000345695_SE_6,7_2,-1,3,13,7,1,0,12,GTGGGAAGAGTGGCGGAAACAAGAAGAATGACGGCGTGAAG,GKSGGNKKNDGVK,151270387,151270347,3,16,GKSGGNKKNDGVK,1,13,151270387,151270347,1,0,GTGGGAAGAGTGGCGGAAACAAGAAGAATGACGGCGTGAAG
483,sus_scrofa,ENSSSCG00000014443,ENSSSCT00000027746,ENSSSCE00000126377,ENSSSCE00000126377_SE_4,6_1,-1,3,14,6,0,1,13,GAATCTTCTGAGAGCACCAACACCACCATCGAGGACGAAGACACCAAAG,ESSESTNTTIEDEDTKV,151264650,151264602,3,17,ESSESTNTTIEDEDTKV,1,17,151264650,151264602,0,1,GAATCTTCTGAGAGCACCAACACCACCATCGAGGACGAAGACACCAAAG
484,sus_scrofa,ENSSSCG00000014443,ENSSSCT00000027746,ENSSSCE00000126378,ENSSSCE00000126378_SE_3,4_2,-1,3,15,4,1,2,14,TGCGGAAACAGGAGATTATCAAGGTGACAGAGCAGCTGATTGAAGCCATAAGCAATGGAGATTTTGAGTCCTACAC,RKQEIIKVTEQLIEAISNGDFESYT,151257881,151257806,3,18,RKQEIIKVTEQLIEAISNGDFESYT,1,25,151257881,151257806,1,2,TGCGGAAACAGGAGATTATCAAGGTGACAGAGCAGCTGATTGAAGCCATAAGCAATGGAGATTTTGAGTCCTACAC
485,sus_scrofa,ENSSSCG00000014443,ENSSSCT00000027746,ENSSSCE00000126379,ENSSSCE00000126379_SE_2,12_0,-1,3,16,12,2,1,15,GAAGATGTGTGACCCCGGGATGACGGCTTTCGAACCCGAGGCCCTGGGGAACCTGGTCGAGGGCCTGGACTTCCACCGATTCTATTTTGAAAACC,KMCDPGMTAFEPEALGNLVEGLDFHRFYFENL,151255394,151255300,3,19,KMCDPGMTAFEPEALGNLVEGLDFHRFYFENL,1,32,151255394,151255300,2,1,GAAGATGTGTGACCCCGGGATGACGGCTTTCGAACCCGAGGCCCTGGGGAACCTGGTCGAGGGCCTGGACTTCCACCGATTCTATTTTGAAAACC
486,sus_scrofa,ENSSSCG00000014443,ENSSSCT00000027746,ENSSSCE00000126380,ENSSSCE00000126380_SE_1,1_1,-1,3,17,1,1,2,16,TGTGGTCCCGGAACAGCAAGCCGGTGCACACCACCATCCTGAACCCCCACATCCACCTGATGGGTGACGAGTCAGCCTGCATCGCCTACATCCGCATCACCCAGTACCTGGACGCCGGCGGCATCCCCCGCACGGCCCAGTCGGAGGAGACCCGTGTCTGGCACCGCCGGGATGGCAAATGGCAGATCGTGCACTTCCACCGATCGGGGGCGCCCTCCGTCCTGCCCCA,WSRNSKPVHTTILNPHIHLMGDESACIAYIRITQYLDAGGIPRTAQSEETRVWHRRDGKWQIVHFHRSGAPSVLPH,151251759,151251531,3,20,WSRNSKPVHTTILNPHIHLMGDESACIAYIRITQYLDAGGIPRTAQSEETRVWHRRDGKWQIVHFHRSGAPSVLP,1,75,151251759,151251533,1,0,TGTGGTCCCGGAACAGCAAGCCGGTGCACACCACCATCCTGAACCCCCACATCCACCTGATGGGTGACGAGTCAGCCTGCATCGCCTACATCCGCATCACCCAGTACCTGGACGCCGGCGGCATCCCCCGCACGGCCCAGTCGGAGGAGACCCGTGTCTGGCACCGCCGGGATGGCAAATGGCAGATCGTGCACTTCCACCGATCGGGGGCGCCCTCCGTCCTGCCC
487,sus_scrofa,ENSSSCG00000014443,ENSSSCT00000027746,ENSSSCE00000126380,ENSSSCE00000126380_SE_1,1_2,-1,3,17,1,1,2,16,TGTGGTCCCGGAACAGCAAGCCGGTGCACACCACCATCCTGAACCCCCACATCCACCTGATGGGTGACGAGTCAGCCTGCATCGCCTACATCCGCATCACCCAGTACCTGGACGCCGGCGGCATCCCCCGCACGGCCCAGTCGGAGGAGACCCGTGTCTGGCACCGCCGGGATGGCAAATGGCAGATCGTGCACTTCCACCGATCGGGGGCGCCCTCCGTCCTGCCCCA,WSRNSKPVHTTILNPHIHLMGDESACIAYIRITQYLDAGGIPRTAQSEETRVWHRRDGKWQIVHFHRSGAPSVLPH,151251759,151251531,3,21,H,76,76,151251532,151251531,0,2,CA
488,sus_scrofa,ENSSSCG00000014443,ENSSSCT00000027746,ENSSSCE00000272016/ENSSSCE00000333954/ENSSSCE00000343647,ENSSSCE00000272016_SE_0,0_26,-1,3,18,0,2,0,17,CTGA,*,151251276,151251273,3,22,,1,0,151251276,151251273,2,0,CTGA
489,sus_scrofa,ENSSSCG00000014443,ENSSSCT00000052397,ENSSSCE00000345695,ENSSSCE00000345695_SE_7,7_0,-1,3,1,7,0,1,0,ATGCTGCTCTTCCTGGCCCTGTGGGCCCTGGTGCCCTGCCTGGTGTTGCTAAGCCTCTACTTTTACTCCTCTGCAG,MLLFLALWALVPCLVLLSLYFYSSAG,151270463,151270388,1,1,MLLFLALWALVPCLVLLSLYFYSSA,1,25,151270463,151270389,0,0,ATGCTGCTCTTCCTGGCCCTGTGGGCCCTGGTGCCCTGCCTGGTGTTGCTAAGCCTCTACTTTTACTCCTCTGCA
490,sus_scrofa,ENSSSCG00000014443,ENSSSCT00000052397,ENSSSCE00000345695,ENSSSCE00000345695_SE_7,7_1,-1,3,1,7,0,1,0,ATGCTGCTCTTCCTGGCCCTGTGGGCCCTGGTGCCCTGCCTGGTGTTGCTAAGCCTCTACTTTTACTCCTCTGCAG,MLLFLALWALVPCLVLLSLYFYSSAG,151270463,151270388,1,2,G,26,26,151270388,151270388,0,1,G
491,sus_scrofa,ENSSSCG00000014443,ENSSSCT00000052397,ENSSSCE00000345695,ENSSSCE00000126376_SE_6/ENSSSCE00000345695_SE_6,7_2,-1,3,1,7,1,0,1,GTGGGAAGAGTGGCGGAAACAAGAAGAATGACGGCGTGAAG,GKSGGNKKNDGVK,151270387,151270347,3,3,GKSGGNKKNDGVK,1,13,151270387,151270347,1,0,GTGGGAAGAGTGGCGGAAACAAGAAGAATGACGGCGTGAAG
492,sus_scrofa,ENSSSCG00000014443,ENSSSCT00000052397,ENSSSCE00000181153,ENSSSCE00000181153_SE_5,24_0,-1,3,2,24,0,0,2,AAAAGAAAGTCCAGTTCCAGCGTTCAGTTAATG,KRKSSSSVQLM,151265623,151265591,2,4,KRKSSSSVQLM,1,11,151265623,151265591,0,0,AAAAGAAAGTCCAGTTCCAGCGTTCAGTTAATG
493,sus_scrofa,ENSSSCG00000014443,ENSSSCT00000052397,ENSSSCE00000126377,ENSSSCE00000126377_SE_4,6_1,-1,3,3,6,0,1,3,GAATCTTCTGAGAGCACCAACACCACCATCGAGGACGAAGACACCAAAG,ESSESTNTTIEDEDTKV,151264650,151264602,3,5,ESSESTNTTIEDEDTKV,1,17,151264650,151264602,0,1,GAATCTTCTGAGAGCACCAACACCACCATCGAGGACGAAGACACCAAAG
494,sus_scrofa,ENSSSCG00000014443,ENSSSCT00000052397,ENSSSCE00000126378,ENSSSCE00000126378_SE_3,4_2,-1,3,4,4,1,2,4,TGCGGAAACAGGAGATTATCAAGGTGACAGAGCAGCTGATTGAAGCCATAAGCAATGGAGATTTTGAGTCCTACAC,RKQEIIKVTEQLIEAISNGDFESYT,151257881,151257806,3,6,RKQEIIKVTEQLIEAISNGDFESYT,1,25,151257881,151257806,1,2,TGCGGAAACAGGAGATTATCAAGGTGACAGAGCAGCTGATTGAAGCCATAAGCAATGGAGATTTTGAGTCCTACAC
495,sus_scrofa,ENSSSCG00000014443,ENSSSCT00000052397,ENSSSCE00000126379,ENSSSCE00000126379_SE_2,12_0,-1,3,5,12,2,1,5,GAAGATGTGTGACCCCGGGATGACGGCTTTCGAACCCGAGGCCCTGGGGAACCTGGTCGAGGGCCTGGACTTCCACCGATTCTATTTTGAAAACC,KMCDPGMTAFEPEALGNLVEGLDFHRFYFENL,151255394,151255300,3,7,KMCDPGMTAFEPEALGNLVEGLDFHRFYFENL,1,32,151255394,151255300,2,1,GAAGATGTGTGACCCCGGGATGACGGCTTTCGAACCCGAGGCCCTGGGGAACCTGGTCGAGGGCCTGGACTTCCACCGATTCTATTTTGAAAACC
496,sus_scrofa,ENSSSCG00000014443,ENSSSCT00000052397,ENSSSCE00000126380,ENSSSCE00000126380_SE_1,1_1,-1,3,6,1,1,2,6,TGTGGTCCCGGAACAGCAAGCCGGTGCACACCACCATCCTGAACCCCCACATCCACCTGATGGGTGACGAGTCAGCCTGCATCGCCTACATCCGCATCACCCAGTACCTGGACGCCGGCGGCATCCCCCGCACGGCCCAGTCGGAGGAGACCCGTGTCTGGCACCGCCGGGATGGCAAATGGCAGATCGTGCACTTCCACCGATCGGGGGCGCCCTCCGTCCTGCCCCA,WSRNSKPVHTTILNPHIHLMGDESACIAYIRITQYLDAGGIPRTAQSEETRVWHRRDGKWQIVHFHRSGAPSVLPH,151251759,151251531,3,8,WSRNSKPVHTTILNPHIHLMGDESACIAYIRITQYLDAGGIPRTAQSEETRVWHRRDGKWQIVHFHRSGAPSVLP,1,75,151251759,151251533,1,0,TGTGGTCCCGGAACAGCAAGCCGGTGCACACCACCATCCTGAACCCCCACATCCACCTGATGGGTGACGAGTCAGCCTGCATCGCCTACATCCGCATCACCCAGTACCTGGACGCCGGCGGCATCCCCCGCACGGCCCAGTCGGAGGAGACCCGTGTCTGGCACCGCCGGGATGGCAAATGGCAGATCGTGCACTTCCACCGATCGGGGGCGCCCTCCGTCCTGCCC
497,sus_scrofa,ENSSSCG00000014443,ENSSSCT00000052397,ENSSSCE00000126380,ENSSSCE00000126380_SE_1,1_2,-1,3,6,1,1,2,6,TGTGGTCCCGGAACAGCAAGCCGGTGCACACCACCATCCTGAACCCCCACATCCACCTGATGGGTGACGAGTCAGCCTGCATCGCCTACATCCGCATCACCCAGTACCTGGACGCCGGCGGCATCCCCCGCACGGCCCAGTCGGAGGAGACCCGTGTCTGGCACCGCCGGGATGGCAAATGGCAGATCGTGCACTTCCACCGATCGGGGGCGCCCTCCGTCCTGCCCCA,WSRNSKPVHTTILNPHIHLMGDESACIAYIRITQYLDAGGIPRTAQSEETRVWHRRDGKWQIVHFHRSGAPSVLPH,151251759,151251531,3,9,H,76,76,151251532,151251531,0,2,CA
498,sus_scrofa,ENSSSCG00000014443,ENSSSCT00000052397,ENSSSCE00000272016/ENSSSCE00000333954/ENSSSCE00000343647,ENSSSCE00000272016_SE_0,0_27,-1,3,7,0,2,0,7,CTGA,*,151251276,151251273,3,10,,1,0,151251276,151251273,2,0,CTGA
499,xenopus_tropicalis,ENSXETG00000006460,ENSXETT00000014165,ENSXETE00000384744,ENSXETE00000384744_SE_24,20_0,-1,2,1,20,0,2,0,ATGGCCACGATTACCTGCACGCGATTCAGCGAGGAATACCAACTTTTCGAGGAGCTGGGAAA,MATITCTRFSEEYQLFEELGK,628135,628074,2,1,MATITCTRFSEEYQLFEELGK,1,21,628135,628074,0,2,ATGGCCACGATTACCTGCACGCGATTCAGCGAGGAATACCAACTTTTCGAGGAGCTGGGAAA
500,xenopus_tropicalis,ENSXETG00000006460,ENSXETT00000014165,ENSXETE00000146055,ENSXETE00000146055_SE_23,13_0,-1,2,2,13,2,1,1,GGGAGCTTTCTCCATTGTCCGAAGATGTGTGAAAGTTTTATCTGGTCAGGAGTATGCAGCAAAAATTATTAACACGAAGAAGCTCTCTGCCAGAG,GAFSIVRRCVKVLSGQEYAAKIINTKKLSARD,607650,607556,2,2,GA,1,2,607650,607644,2,0,GGGAGCT
501,xenopus_tropicalis,ENSXETG00000006460,ENSXETT00000014165,ENSXETE00000146055,ENSXETE00000146055_SE_23,13_1,-1,2,2,13,2,1,1,GGGAGCTTTCTCCATTGTCCGAAGATGTGTGAAAGTTTTATCTGGTCAGGAGTATGCAGCAAAAATTATTAACACGAAGAAGCTCTCTGCCAGAG,GAFSIVRRCVKVLSGQEYAAKIINTKKLSARD,607650,607556,2,3,FSIVRRCVKVLSGQEYAAKIINTKKLSARD,3,32,607643,607556,0,1,TTCTCCATTGTCCGAAGATGTGTGAAAGTTTTATCTGGTCAGGAGTATGCAGCAAAAATTATTAACACGAAGAAGCTCTCTGCCAGAG
502,xenopus_tropicalis,ENSXETG00000006460,ENSXETT00000014165,ENSXETE00000146056,ENSXETE00000146056_SE_22,21_0,-1,2,3,21,1,1,2,ATCACCAGAAGCTGGAGCGCGAGGCTCGAATCTGTCGTCTCCTGAAGCATCCAAATATAG,HQKLEREARICRLLKHPNIV,587081,587022,2,4,HQKLEREARICRLLKHPNIV,1,20,587081,587022,1,1,ATCACCAGAAGCTGGAGCGCGAGGCTCGAATCTGTCGTCTCCTGAAGCATCCAAATATAG
503,xenopus_tropicalis,ENSXETG00000006460,ENSXETT00000014165,ENSXETE00000396616,ENSXETE00000396616_SE_21,23_0,-1,2,4,23,1,2,3,TAAGACTTCATGACAGCATTTCTGAAGAAGGGCACCATTACCTGGTGTTTGATCT,RLHDSISEEGHHYLVFDL,572776,572722,2,5,RLHDSISEEGHHYLVFDL,1,18,572776,572722,1,2,TAAGACTTCATGACAGCATTTCTGAAGAAGGGCACCATTACCTGGTGTTTGATCT
504,xenopus_tropicalis,ENSXETG00000006460,ENSXETT00000014165,ENSXETE00000431777,ENSXETE00000431777_SE_20,19_0,-1,2,5,19,2,2,4,GGTTACAGGAGGAGAGCTGTTTGAGGATATTGTTGCCAGAGAATATTACAGTGAAGCAGACGCCAG,VTGGELFEDIVAREYYSEADAS,570860,570795,2,6,VTGGELFEDIVAREYYSEADAS,1,22,570860,570795,2,2,GGTTACAGGAGGAGAGCTGTTTGAGGATATTGTTGCCAGAGAATATTACAGTGAAGCAGACGCCAG
505,xenopus_tropicalis,ENSXETG00000006460,ENSXETT00000014165,ENSXETE00000146059,ENSXETE00000146059_SE_19,18_0,-1,2,6,18,2,0,5,CCATTGCATTCAGCAGATTCTAGAAGCAGTTTTGCATTGTCACCAGATGGGGGTAGTGCACAGAGATCTGAAG,HCIQQILEAVLHCHQMGVVHRDLK,569118,569046,2,7,HCIQQILEAVLHCHQMGVVHRDLK,1,24,569118,569046,2,0,CCATTGCATTCAGCAGATTCTAGAAGCAGTTTTGCATTGTCACCAGATGGGGGTAGTGCACAGAGATCTGAAG
506,xenopus_tropicalis,ENSXETG00000006460,ENSXETT00000014165,ENSXETE00000146060,ENSXETE00000146060_SE_18,10_0,-1,2,7,10,0,1,6,CCAGAGAACCTTCTTTTGGCTTCAAAACTAAAGGGAGCAGCTGTCAAACTGGCAGATTTTGGGCTGGCCATTGAGGTGGAAGGCGAACAACAGGCTTGGTTTG,PENLLLASKLKGAAVKLADFGLAIEVEGEQQAWFG,568233,568131,2,8,PENLLLASKLKGAA,1,14,568233,568192,0,0,CCAGAGAACCTTCTTTTGGCTTCAAAACTAAAGGGAGCAGCT
507,xenopus_tropicalis,ENSXETG00000006460,ENSXETT00000014165,ENSXETE00000146060,ENSXETE00000146060_SE_18,10_1,-1,2,7,10,0,1,6,CCAGAGAACCTTCTTTTGGCTTCAAAACTAAAGGGAGCAGCTGTCAAACTGGCAGATTTTGGGCTGGCCATTGAGGTGGAAGGCGAACAACAGGCTTGGTTTG,PENLLLASKLKGAAVKLADFGLAIEVEGEQQAWFG,568233,568131,2,9,VKLADFGLAIEVEGEQQA,15,32,568191,568138,0,0,GTCAAACTGGCAGATTTTGGGCTGGCCATTGAGGTGGAAGGCGAACAACAGGCT
508,xenopus_tropicalis,ENSXETG00000006460,ENSXETT00000014165,ENSXETE00000146060,ENSXETE00000146060_SE_18,10_2,-1,2,7,10,0,1,6,CCAGAGAACCTTCTTTTGGCTTCAAAACTAAAGGGAGCAGCTGTCAAACTGGCAGATTTTGGGCTGGCCATTGAGGTGGAAGGCGAACAACAGGCTTGGTTTG,PENLLLASKLKGAAVKLADFGLAIEVEGEQQAWFG,568233,568131,2,10,WFG,33,35,568137,568131,0,1,TGGTTTG
509,xenopus_tropicalis,ENSXETG00000006460,ENSXETT00000014165,ENSXETE00000146061,ENSXETE00000146061_SE_17,17_1,-1,2,8,17,1,1,7,GCTTTGCAGGAACGCCCGGCTATCTCTCCCCAGAAGTTCTAAGGAAAGACCCCTATGGAAAGGCTGTGGATCTCTGGGCCTGTG,FAGTPGYLSPEVLRKDPYGKAVDLWACG,567750,567667,2,11,FAGTPGYLSPEVLRKDPYGKAVDLWACG,1,28,567750,567667,1,1,GCTTTGCAGGAACGCCCGGCTATCTCTCCCCAGAAGTTCTAAGGAAAGACCCCTATGGAAAGGCTGTGGATCTCTGGGCCTGTG
510,xenopus_tropicalis,ENSXETG00000006460,ENSXETT00000014165,ENSXETE00000395031,ENSXETE00000395031_SE_16,14_0,-1,2,9,14,1,0,8,GGGTTATCCTGTACATTTTACTTGTTGGTTACCCTCCTTTCTGGGATGAAGATCAGCACAGACTATACCAGCAAATCAAAGCCGGTGCTTATGAT,VILYILLVGYPPFWDEDQHRLYQQIKAGAYD,566834,566740,2,12,VILYILLVGYPPFWDEDQHRLYQQIKAGAYD,1,31,566834,566740,1,0,GGGTTATCCTGTACATTTTACTTGTTGGTTACCCTCCTTTCTGGGATGAAGATCAGCACAGACTATACCAGCAAATCAAAGCCGGTGCTTATGAT
511,xenopus_tropicalis,ENSXETG00000006460,ENSXETT00000014165,ENSXETE00000146063,ENSXETE00000146063_SE_15,5_2,-1,2,10,5,0,0,9,TTTCCTTCTCCAGAGTGGGACACTGTCACTCCAGAGGCCAAAGATCTCATTAACAAGATGCTGACAATTAACCCATCGAAAAGAATCACTGCAGCAGAAGCACTGAAGCATCCATGGATCTCA,FPSPEWDTVTPEAKDLINKMLTINPSKRITAAEALKHPWIS,562494,562372,2,13,FPSPEWDTVTPEAKDLINKMLTINPSKRITAAEALKHPWIS,1,41,562494,562372,0,0,TTTCCTTCTCCAGAGTGGGACACTGTCACTCCAGAGGCCAAAGATCTCATTAACAAGATGCTGACAATTAACCCATCGAAAAGAATCACTGCAGCAGAAGCACTGAAGCATCCATGGATCTCA
512,xenopus_tropicalis,ENSXETG00000006460,ENSXETT00000014165,ENSXETE00000146074,ENSXETE00000146074_SE_14,9_0,-1,2,11,9,0,0,10,CACCGCTCAACAGTCGCTTCATGTATGCACAGACAGGAGACAGTAGACTGCCTGAAGAAGTTCAATGCTAGAAGAAAGCTAAAG,HRSTVASCMHRQETVDCLKKFNARRKLK,562276,562193,2,14,HRSTVASCMHRQETVDCLKKFNARRKLK,1,28,562276,562193,0,0,CACCGCTCAACAGTCGCTTCATGTATGCACAGACAGGAGACAGTAGACTGCCTGAAGAAGTTCAATGCTAGAAGAAAGCTAAAG
513,xenopus_tropicalis,ENSXETG00000006460,ENSXETT00000014165,ENSXETE00000382251,ENSXETE00000382251_SE_13,15_0,-1,2,12,15,0,1,11,GGGGCCATCCTGACTACAATGCTGGCAACTCGAAATTTCTCTG,GAILTTMLATRNFSV,560354,560312,2,15,GAILTTMLATRNFSV,1,15,560354,560312,0,1,GGGGCCATCCTGACTACAATGCTGGCAACTCGAAATTTCTCTG
514,xenopus_tropicalis,ENSXETG00000006460,ENSXETT00000014165,ENSXETE00000430800,ENSXETE00000430800_SE_12,22_0,-1,2,13,22,1,0,12,TTAGTTATTTCCCATGCAGAGAGAGCCCAAGAACCTTATACGGCATCCCACAATCA,SYFPCRESPRTLYGIPQS,558535,558480,1,16,SYFPCRESPRTLYGIPQS,1,18,558535,558480,1,0,TTAGTTATTTCCCATGCAGAGAGAGCCCAAGAACCTTATACGGCATCCCACAATCA
515,xenopus_tropicalis,ENSXETG00000006460,ENSXETT00000014165,ENSXETE00000405551,ENSXETE00000405551_SE_11,16_0,-1,2,14,16,0,1,13,AATGCCAGAGGTGATGAGAATAGGTGGCTGCAAAGAGAAACTGTTTCTCCCTACATGCTAAATAACAATGCATGCAATTTGAAATGGCCTG,NARGDENRWLQRETVSPYMLNNNACNLKWPG,555807,555717,1,17,NARGDENRWLQRETVSPYMLNNNACNLKWPG,1,31,555807,555717,0,1,AATGCCAGAGGTGATGAGAATAGGTGGCTGCAAAGAGAAACTGTTTCTCCCTACATGCTAAATAACAATGCATGCAATTTGAAATGGCCTG
516,xenopus_tropicalis,ENSXETG00000006460,ENSXETT00000014165,ENSXETE00000387336,ENSXETE00000387336_SE_10,7_2,-1,2,15,7,1,0,14,GGGGCAAGAGTGGAAGCAACAAGAAGAATGATGGAGTCAAG,GKSGSNKKNDGVK,541702,541662,2,18,GKSGSNKKNDGVK,1,13,541702,541662,1,0,GGGGCAAGAGTGGAAGCAACAAGAAGAATGATGGAGTCAAG
517,xenopus_tropicalis,ENSXETG00000006460,ENSXETT00000014165,ENSXETE00000412728,ENSXETE00000412728_SE_9,25_0,-1,2,16,25,0,1,15,GAGCCCCAAC,EPQH,535841,535832,1,19,EPQH,1,4,535841,535832,0,1,GAGCCCCAAC
518,xenopus_tropicalis,ENSXETG00000006460,ENSXETT00000014165,ENSXETE00000389576,ENSXETE00000389576_SE_7,5_3,-1,2,17,5,1,0,16,ATACTGTTGTTCCAGAACAAGTGACTGGCACAAAG,TVVPEQVTGTK,530534,530500,1,20,TVVPEQVTGTK,1,11,530534,530500,1,0,ATACTGTTGTTCCAGAACAAGTGACTGGCACAAAG
519,xenopus_tropicalis,ENSXETG00000006460,ENSXETT00000014165,ENSXETE00000387679,ENSXETE00000387679_SE_6,6_1,-1,2,18,6,0,1,17,GAATCATCAGAGAGCACCAACACTACAATTGAGGATGAAGATACTAAAG,ESSESTNTTIEDEDTKE,530437,530389,2,21,ESSESTNTTIEDEDTKE,1,17,530437,530389,0,1,GAATCATCAGAGAGCACCAACACTACAATTGAGGATGAAGATACTAAAG
520,xenopus_tropicalis,ENSXETG00000006460,ENSXETT00000014165,ENSXETE00000421345,ENSXETE00000421345_SE_5,2_0,-1,2,19,2,1,2,18,AATATGCCAATCCAAAAATATATTTCCTAACTATAAAAATATCAGAAAAGTACTTGGGCACCCCTGGCATTAATACTAATGTTACCCTCTTTGGAAGAAATACCTTTTCTCCCTGCCCAGAGCATTTCATTAGGATTAAGGCTCTGACTGTATGTTGGATCACTGCCCTAATAGAAAATCCACACTGTGGTTTTCCTTGTATTAG,YANPKIYFLTIKISEKYLGTPGINTNVTLFGRNTFSPCPEHFIRIKALTVCWITALIENPHCGFPCIR,528239,528035,1,22,YANPKIYFLTIKISEKYLGTPGINTNVTLFGRNTFSPCPEHFIRIKALTVCWITALIENPHCGFPCIR,1,68,528239,528035,1,2,AATATGCCAATCCAAAAATATATTTCCTAACTATAAAAATATCAGAAAAGTACTTGGGCACCCCTGGCATTAATACTAATGTTACCCTCTTTGGAAGAAATACCTTTTCTCCCTGCCCAGAGCATTTCATTAGGATTAAGGCTCTGACTGTATGTTGGATCACTGCCCTAATAGAAAATCCACACTGTGGTTTTCCTTGTATTAG
521,xenopus_tropicalis,ENSXETG00000006460,ENSXETT00000014165,ENSXETE00000383022,ENSXETE00000383022_SE_4,4_1,-1,2,20,4,2,1,19,ATTCCCTTTTCTCCACATTGCAG,FPFLHIAV,527630,527608,1,23,FPFLHIAV,1,8,527630,527608,2,1,ATTCCCTTTTCTCCACATTGCAG
522,xenopus_tropicalis,ENSXETG00000006460,ENSXETT00000014165,ENSXETE00000383022,ENSXETE00000383022_SE_3/ENSXETE00000396660_SE_3,4_2,-1,2,20,4,1,2,20,TGAGAAAGCAGGAAATTATCAAAGTGACAGAGCAGCTGATAGAAGCCATTAGCAATGGAGATTTTGAATGTTACAC,RKQEIIKVTEQLIEAISNGDFECYT,527607,527532,2,24,RKQEIIKVTEQLIEAISNGDFECYT,1,25,527607,527532,1,2,TGAGAAAGCAGGAAATTATCAAAGTGACAGAGCAGCTGATAGAAGCCATTAGCAATGGAGATTTTGAATGTTACAC
523,xenopus_tropicalis,ENSXETG00000006460,ENSXETT00000014165,ENSXETE00000395549,ENSXETE00000395549_SE_2,12_0,-1,2,21,12,2,1,21,GAAAATGTGTGACCCTGGAATGACTGCGTTTGAGCCGGAAGCTCTGGGAAATCTAGTAGAAGGGCTGGACTTTCATCGTTTCTACTTTGAGAATT,KMCDPGMTAFEPEALGNLVEGLDFHRFYFENL,526840,526746,2,25,KMCDPGMTAFEPEALGNLVEGLDFHRFYFENL,1,32,526840,526746,2,1,GAAAATGTGTGACCCTGGAATGACTGCGTTTGAGCCGGAAGCTCTGGGAAATCTAGTAGAAGGGCTGGACTTTCATCGTTTCTACTTTGAGAATT
524,xenopus_tropicalis,ENSXETG00000006460,ENSXETT00000014165,ENSXETE00000410476,ENSXETE00000410476_SE_1,1_1,-1,2,22,1,1,2,22,TGTGGTCGCGGAGCAATAAACCTCTACATACCACCATCTTGAACCCACACATTCATCTGATGGGGGATGAATCTGCCTGTATTGCCTATATCCGAATTACCCAGTACCTGGACACTAGTGGTGTCCCTCGCACTGCCCAGTCAGAGGAGACATGTATCTGGCACCGTCGTGATGGAAAATGGCAAAATGTTCATTTTCACCGGTCGGGAGCTCCATCTGTTCTCCCACA,WSRSNKPLHTTILNPHIHLMGDESACIAYIRITQYLDTSGVPRTAQSEETCIWHRRDGKWQNVHFHRSGAPSVLPH,526663,526435,2,26,WSRSNKPLHTTILNPHIHLMGDESACIAYIRITQYLDTSGVPRTAQSEETCIWHRRDGKWQNVHFHRSGAPSVLP,1,75,526663,526437,1,0,TGTGGTCGCGGAGCAATAAACCTCTACATACCACCATCTTGAACCCACACATTCATCTGATGGGGGATGAATCTGCCTGTATTGCCTATATCCGAATTACCCAGTACCTGGACACTAGTGGTGTCCCTCGCACTGCCCAGTCAGAGGAGACATGTATCTGGCACCGTCGTGATGGAAAATGGCAAAATGTTCATTTTCACCGGTCGGGAGCTCCATCTGTTCTCCCA
525,xenopus_tropicalis,ENSXETG00000006460,ENSXETT00000014165,ENSXETE00000410476,ENSXETE00000410476_SE_1,1_2,-1,2,22,1,1,2,22,TGTGGTCGCGGAGCAATAAACCTCTACATACCACCATCTTGAACCCACACATTCATCTGATGGGGGATGAATCTGCCTGTATTGCCTATATCCGAATTACCCAGTACCTGGACACTAGTGGTGTCCCTCGCACTGCCCAGTCAGAGGAGACATGTATCTGGCACCGTCGTGATGGAAAATGGCAAAATGTTCATTTTCACCGGTCGGGAGCTCCATCTGTTCTCCCACA,WSRSNKPLHTTILNPHIHLMGDESACIAYIRITQYLDTSGVPRTAQSEETCIWHRRDGKWQNVHFHRSGAPSVLPH,526663,526435,2,27,H,76,76,526436,526435,0,2,CA
526,xenopus_tropicalis,ENSXETG00000006460,ENSXETT00000014165,ENSXETE00000325325,ENSXETE00000325325_SE_0,0_28,-1,2,23,0,2,0,23,CTGA,*,522494,522491,2,28,,1,0,522494,522491,2,0,CTGA
527,xenopus_tropicalis,ENSXETG00000006460,ENSXETT00000025963,ENSXETE00000384744,ENSXETE00000384744_SE_24,20_0,-1,2,1,20,0,2,0,ATGGCCACGATTACCTGCACGCGATTCAGCGAGGAATACCAACTTTTCGAGGAGCTGGGAAA,MATITCTRFSEEYQLFEELGK,628135,628074,2,1,MATITCTRFSEEYQLFEELGK,1,21,628135,628074,0,2,ATGGCCACGATTACCTGCACGCGATTCAGCGAGGAATACCAACTTTTCGAGGAGCTGGGAAA
528,xenopus_tropicalis,ENSXETG00000006460,ENSXETT00000025963,ENSXETE00000146055,ENSXETE00000146055_SE_23,13_0,-1,2,2,13,2,1,1,GGGAGCTTTCTCCATTGTCCGAAGATGTGTGAAAGTTTTATCTGGTCAGGAGTATGCAGCAAAAATTATTAACACGAAGAAGCTCTCTGCCAGAG,GAFSIVRRCVKVLSGQEYAAKIINTKKLSARD,607650,607556,2,2,GA,1,2,607650,607644,2,0,GGGAGCT
529,xenopus_tropicalis,ENSXETG00000006460,ENSXETT00000025963,ENSXETE00000146055,ENSXETE00000146055_SE_23,13_1,-1,2,2,13,2,1,1,GGGAGCTTTCTCCATTGTCCGAAGATGTGTGAAAGTTTTATCTGGTCAGGAGTATGCAGCAAAAATTATTAACACGAAGAAGCTCTCTGCCAGAG,GAFSIVRRCVKVLSGQEYAAKIINTKKLSARD,607650,607556,2,3,FSIVRRCVKVLSGQEYAAKIINTKKLSARD,3,32,607643,607556,0,1,TTCTCCATTGTCCGAAGATGTGTGAAAGTTTTATCTGGTCAGGAGTATGCAGCAAAAATTATTAACACGAAGAAGCTCTCTGCCAGAG
530,xenopus_tropicalis,ENSXETG00000006460,ENSXETT00000025963,ENSXETE00000146056,ENSXETE00000146056_SE_22,21_0,-1,2,3,21,1,1,2,ATCACCAGAAGCTGGAGCGCGAGGCTCGAATCTGTCGTCTCCTGAAGCATCCAAATATAG,HQKLEREARICRLLKHPNIV,587081,587022,2,4,HQKLEREARICRLLKHPNIV,1,20,587081,587022,1,1,ATCACCAGAAGCTGGAGCGCGAGGCTCGAATCTGTCGTCTCCTGAAGCATCCAAATATAG
531,xenopus_tropicalis,ENSXETG00000006460,ENSXETT00000025963,ENSXETE00000396616,ENSXETE00000396616_SE_21,23_0,-1,2,4,23,1,2,3,TAAGACTTCATGACAGCATTTCTGAAGAAGGGCACCATTACCTGGTGTTTGATCT,RLHDSISEEGHHYLVFDL,572776,572722,2,5,RLHDSISEEGHHYLVFDL,1,18,572776,572722,1,2,TAAGACTTCATGACAGCATTTCTGAAGAAGGGCACCATTACCTGGTGTTTGATCT
532,xenopus_tropicalis,ENSXETG00000006460,ENSXETT00000025963,ENSXETE00000431777,ENSXETE00000431777_SE_20,19_0,-1,2,5,19,2,2,4,GGTTACAGGAGGAGAGCTGTTTGAGGATATTGTTGCCAGAGAATATTACAGTGAAGCAGACGCCAG,VTGGELFEDIVAREYYSEADAS,570860,570795,2,6,VTGGELFEDIVAREYYSEADAS,1,22,570860,570795,2,2,GGTTACAGGAGGAGAGCTGTTTGAGGATATTGTTGCCAGAGAATATTACAGTGAAGCAGACGCCAG
533,xenopus_tropicalis,ENSXETG00000006460,ENSXETT00000025963,ENSXETE00000146059,ENSXETE00000146059_SE_19,18_0,-1,2,6,18,2,0,5,CCATTGCATTCAGCAGATTCTAGAAGCAGTTTTGCATTGTCACCAGATGGGGGTAGTGCACAGAGATCTGAAG,HCIQQILEAVLHCHQMGVVHRDLK,569118,569046,2,7,HCIQQILEAVLHCHQMGVVHRDLK,1,24,569118,569046,2,0,CCATTGCATTCAGCAGATTCTAGAAGCAGTTTTGCATTGTCACCAGATGGGGGTAGTGCACAGAGATCTGAAG
534,xenopus_tropicalis,ENSXETG00000006460,ENSXETT00000025963,ENSXETE00000146060,ENSXETE00000146060_SE_18,10_0,-1,2,7,10,0,1,6,CCAGAGAACCTTCTTTTGGCTTCAAAACTAAAGGGAGCAGCTGTCAAACTGGCAGATTTTGGGCTGGCCATTGAGGTGGAAGGCGAACAACAGGCTTGGTTTG,PENLLLASKLKGAAVKLADFGLAIEVEGEQQAWFG,568233,568131,2,8,PENLLLASKLKGAA,1,14,568233,568192,0,0,CCAGAGAACCTTCTTTTGGCTTCAAAACTAAAGGGAGCAGCT
535,xenopus_tropicalis,ENSXETG00000006460,ENSXETT00000025963,ENSXETE00000146060,ENSXETE00000146060_SE_18,10_1,-1,2,7,10,0,1,6,CCAGAGAACCTTCTTTTGGCTTCAAAACTAAAGGGAGCAGCTGTCAAACTGGCAGATTTTGGGCTGGCCATTGAGGTGGAAGGCGAACAACAGGCTTGGTTTG,PENLLLASKLKGAAVKLADFGLAIEVEGEQQAWFG,568233,568131,2,9,VKLADFGLAIEVEGEQQA,15,32,568191,568138,0,0,GTCAAACTGGCAGATTTTGGGCTGGCCATTGAGGTGGAAGGCGAACAACAGGCT
536,xenopus_tropicalis,ENSXETG00000006460,ENSXETT00000025963,ENSXETE00000146060,ENSXETE00000146060_SE_18,10_2,-1,2,7,10,0,1,6,CCAGAGAACCTTCTTTTGGCTTCAAAACTAAAGGGAGCAGCTGTCAAACTGGCAGATTTTGGGCTGGCCATTGAGGTGGAAGGCGAACAACAGGCTTGGTTTG,PENLLLASKLKGAAVKLADFGLAIEVEGEQQAWFG,568233,568131,2,10,WFG,33,35,568137,568131,0,1,TGGTTTG
537,xenopus_tropicalis,ENSXETG00000006460,ENSXETT00000025963,ENSXETE00000146061,ENSXETE00000146061_SE_17,17_1,-1,2,8,17,1,1,7,GCTTTGCAGGAACGCCCGGCTATCTCTCCCCAGAAGTTCTAAGGAAAGACCCCTATGGAAAGGCTGTGGATCTCTGGGCCTGTG,FAGTPGYLSPEVLRKDPYGKAVDLWACG,567750,567667,2,11,FAGTPGYLSPEVLRKDPYGKAVDLWACG,1,28,567750,567667,1,1,GCTTTGCAGGAACGCCCGGCTATCTCTCCCCAGAAGTTCTAAGGAAAGACCCCTATGGAAAGGCTGTGGATCTCTGGGCCTGTG
538,xenopus_tropicalis,ENSXETG00000006460,ENSXETT00000025963,ENSXETE00000395031,ENSXETE00000395031_SE_16,14_0,-1,2,9,14,1,0,8,GGGTTATCCTGTACATTTTACTTGTTGGTTACCCTCCTTTCTGGGATGAAGATCAGCACAGACTATACCAGCAAATCAAAGCCGGTGCTTATGAT,VILYILLVGYPPFWDEDQHRLYQQIKAGAYD,566834,566740,2,12,VILYILLVGYPPFWDEDQHRLYQQIKAGAYD,1,31,566834,566740,1,0,GGGTTATCCTGTACATTTTACTTGTTGGTTACCCTCCTTTCTGGGATGAAGATCAGCACAGACTATACCAGCAAATCAAAGCCGGTGCTTATGAT
539,xenopus_tropicalis,ENSXETG00000006460,ENSXETT00000025963,ENSXETE00000146063,ENSXETE00000146063_SE_15,5_2,-1,2,10,5,0,0,9,TTTCCTTCTCCAGAGTGGGACACTGTCACTCCAGAGGCCAAAGATCTCATTAACAAGATGCTGACAATTAACCCATCGAAAAGAATCACTGCAGCAGAAGCACTGAAGCATCCATGGATCTCA,FPSPEWDTVTPEAKDLINKMLTINPSKRITAAEALKHPWIS,562494,562372,2,13,FPSPEWDTVTPEAKDLINKMLTINPSKRITAAEALKHPWIS,1,41,562494,562372,0,0,TTTCCTTCTCCAGAGTGGGACACTGTCACTCCAGAGGCCAAAGATCTCATTAACAAGATGCTGACAATTAACCCATCGAAAAGAATCACTGCAGCAGAAGCACTGAAGCATCCATGGATCTCA
540,xenopus_tropicalis,ENSXETG00000006460,ENSXETT00000025963,ENSXETE00000146074,ENSXETE00000146074_SE_14,9_0,-1,2,11,9,0,0,10,CACCGCTCAACAGTCGCTTCATGTATGCACAGACAGGAGACAGTAGACTGCCTGAAGAAGTTCAATGCTAGAAGAAAGCTAAAG,HRSTVASCMHRQETVDCLKKFNARRKLK,562276,562193,2,14,HRSTVASCMHRQETVDCLKKFNARRKLK,1,28,562276,562193,0,0,CACCGCTCAACAGTCGCTTCATGTATGCACAGACAGGAGACAGTAGACTGCCTGAAGAAGTTCAATGCTAGAAGAAAGCTAAAG
541,xenopus_tropicalis,ENSXETG00000006460,ENSXETT00000025963,ENSXETE00000382251,ENSXETE00000382251_SE_13,15_0,-1,2,12,15,0,1,11,GGGGCCATCCTGACTACAATGCTGGCAACTCGAAATTTCTCTG,GAILTTMLATRNFSG,560354,560312,2,15,GAILTTMLATRNFSV,1,15,560354,560312,0,1,GGGGCCATCCTGACTACAATGCTGGCAACTCGAAATTTCTCTG
542,xenopus_tropicalis,ENSXETG00000006460,ENSXETT00000025963,ENSXETE00000387336,ENSXETE00000387336_SE_10,7_2,-1,2,13,7,1,0,12,GGGGCAAGAGTGGAAGCAACAAGAAGAATGATGGAGTCAAG,GKSGSNKKNDGVK,541702,541662,2,16,GKSGSNKKNDGVK,1,13,541702,541662,1,0,GGGGCAAGAGTGGAAGCAACAAGAAGAATGATGGAGTCAAG
543,xenopus_tropicalis,ENSXETG00000006460,ENSXETT00000025963,ENSXETE00000379053,ENSXETE00000379053_SE_8,24_0,-1,2,14,24,0,0,13,AAAAGAAAGTCAAGTTCCAGTGTCCAGTTGATG,KRKSSSSVQLM,531978,531946,1,17,KRKSSSSVQLM,1,11,531978,531946,0,0,AAAAGAAAGTCAAGTTCCAGTGTCCAGTTGATG
544,xenopus_tropicalis,ENSXETG00000006460,ENSXETT00000025963,ENSXETE00000387679,ENSXETE00000387679_SE_6,6_1,-1,2,15,6,0,1,14,GAATCATCAGAGAGCACCAACACTACAATTGAGGATGAAGATACTAAAG,ESSESTNTTIEDEDTKV,530437,530389,2,18,ESSESTNTTIEDEDTKE,1,17,530437,530389,0,1,GAATCATCAGAGAGCACCAACACTACAATTGAGGATGAAGATACTAAAG
545,xenopus_tropicalis,ENSXETG00000006460,ENSXETT00000025963,ENSXETE00000396660,ENSXETE00000383022_SE_3/ENSXETE00000396660_SE_3,4_2,-1,2,16,4,1,2,15,TGAGAAAGCAGGAAATTATCAAAGTGACAGAGCAGCTGATAGAAGCCATTAGCAATGGAGATTTTGAATGTTACAC,RKQEIIKVTEQLIEAISNGDFECYT,527607,527532,2,19,RKQEIIKVTEQLIEAISNGDFECYT,1,25,527607,527532,1,2,TGAGAAAGCAGGAAATTATCAAAGTGACAGAGCAGCTGATAGAAGCCATTAGCAATGGAGATTTTGAATGTTACAC
546,xenopus_tropicalis,ENSXETG00000006460,ENSXETT00000025963,ENSXETE00000395549,ENSXETE00000395549_SE_2,12_0,-1,2,17,12,2,1,16,GAAAATGTGTGACCCTGGAATGACTGCGTTTGAGCCGGAAGCTCTGGGAAATCTAGTAGAAGGGCTGGACTTTCATCGTTTCTACTTTGAGAATT,KMCDPGMTAFEPEALGNLVEGLDFHRFYFENL,526840,526746,2,20,KMCDPGMTAFEPEALGNLVEGLDFHRFYFENL,1,32,526840,526746,2,1,GAAAATGTGTGACCCTGGAATGACTGCGTTTGAGCCGGAAGCTCTGGGAAATCTAGTAGAAGGGCTGGACTTTCATCGTTTCTACTTTGAGAATT
547,xenopus_tropicalis,ENSXETG00000006460,ENSXETT00000025963,ENSXETE00000410476,ENSXETE00000410476_SE_1,1_1,-1,2,18,1,1,2,17,TGTGGTCGCGGAGCAATAAACCTCTACATACCACCATCTTGAACCCACACATTCATCTGATGGGGGATGAATCTGCCTGTATTGCCTATATCCGAATTACCCAGTACCTGGACACTAGTGGTGTCCCTCGCACTGCCCAGTCAGAGGAGACATGTATCTGGCACCGTCGTGATGGAAAATGGCAAAATGTTCATTTTCACCGGTCGGGAGCTCCATCTGTTCTCCCACA,WSRSNKPLHTTILNPHIHLMGDESACIAYIRITQYLDTSGVPRTAQSEETCIWHRRDGKWQNVHFHRSGAPSVLPH,526663,526435,2,21,WSRSNKPLHTTILNPHIHLMGDESACIAYIRITQYLDTSGVPRTAQSEETCIWHRRDGKWQNVHFHRSGAPSVLP,1,75,526663,526437,1,0,TGTGGTCGCGGAGCAATAAACCTCTACATACCACCATCTTGAACCCACACATTCATCTGATGGGGGATGAATCTGCCTGTATTGCCTATATCCGAATTACCCAGTACCTGGACACTAGTGGTGTCCCTCGCACTGCCCAGTCAGAGGAGACATGTATCTGGCACCGTCGTGATGGAAAATGGCAAAATGTTCATTTTCACCGGTCGGGAGCTCCATCTGTTCTCCCA
548,xenopus_tropicalis,ENSXETG00000006460,ENSXETT00000025963,ENSXETE00000410476,ENSXETE00000410476_SE_1,1_2,-1,2,18,1,1,2,17,TGTGGTCGCGGAGCAATAAACCTCTACATACCACCATCTTGAACCCACACATTCATCTGATGGGGGATGAATCTGCCTGTATTGCCTATATCCGAATTACCCAGTACCTGGACACTAGTGGTGTCCCTCGCACTGCCCAGTCAGAGGAGACATGTATCTGGCACCGTCGTGATGGAAAATGGCAAAATGTTCATTTTCACCGGTCGGGAGCTCCATCTGTTCTCCCACA,WSRSNKPLHTTILNPHIHLMGDESACIAYIRITQYLDTSGVPRTAQSEETCIWHRRDGKWQNVHFHRSGAPSVLPH,526663,526435,2,22,H,76,76,526436,526435,0,2,CA
549,xenopus_tropicalis,ENSXETG00000006460,ENSXETT00000025963,ENSXETE00000325325,ENSXETE00000325325_SE_0,0_29,-1,2,19,0,2,0,18,CTGA,*,522494,522491,2,23,,1,0,522494,522491,2,0,CTGA
